Testname: Douglas Scientific
Date: 7/16/2018	Time: 8:31:04 PM
ID1: 00890018002017.00320180110.959146
No. of Channels / Multichromatics: 3
No. of Cycles: 1
Configuration: Fluorescence (Triple Em.)



Chromatic / Channel:	FAM
Cycle:	1
	1	2	3	4	5	6	7	8	9	10	11	12	13	14	15	16	17	18	19	20	21	22	23	24
A	6018.0	11008.0	9977.0	10747.0	12017.0	12075.0	12885.0	12881.0	10199.0	10357.0	12958.0	12797.0	806.0	461.0	9858.0	9787.0	10177.0	8883.0	10175.0	9499.0	10349.0	9514.0	8632.0	6720.0	
B	8596.0	9115.0	7049.0	7364.0	10412.0	446.0	10223.0	9306.0	9035.0	9628.0	9986.0	10234.0	1475.0	1737.0	8030.0	5384.0	7929.0	9070.0	9867.0	9088.0	8474.0	10371.0	6988.0	8401.0	
C	568.0	625.0	679.0	516.0	2656.0	2736.0	2704.0	2433.0	2324.0	2246.0	2529.0	2402.0	459.0	454.0	2090.0	2562.0	1811.0	2037.0	2007.0	1994.0	2333.0	2290.0	2311.0	2504.0	
D	443.0	1497.0	729.0	586.0	2712.0	2497.0	2474.0	2423.0	2372.0	2410.0	2292.0	2312.0	390.0	857.0	1572.0	1770.0	2095.0	1542.0	1735.0	1560.0	1997.0	2109.0	2620.0	2665.0	
E	1588.0	1713.0	1108.0	1389.0	2347.0	1869.0	373.0	936.0	1276.0	1001.0	1666.0	1247.0	1609.0	2057.0	5453.0	4594.0	3023.0	2610.0	3652.0	3790.0	2770.0	3015.0	3759.0	4062.0	
F	2600.0	1163.0	1455.0	432.0	1516.0	398.0	1214.0	1852.0	1354.0	414.0	1175.0	2523.0	1883.0	419.0	5525.0	5150.0	3907.0	387.0	2732.0	417.0	2923.0	379.0	2835.0	451.0	
G	2222.0	1022.0	1131.0	1030.0	4484.0	4007.0	4635.0	4722.0	4477.0	4677.0	4204.0	4826.0	5021.0	4397.0	3521.0	3069.0	3186.0	2754.0	3756.0	3229.0	5056.0	3031.0	2785.0	4126.0	
H	2427.0	1469.0	1367.0	1612.0	5246.0	4001.0	3883.0	3503.0	4028.0	4491.0	4289.0	3768.0	5550.0	5022.0	2679.0	4001.0	4306.0	3124.0	3973.0	4943.0	3578.0	2934.0	2943.0	2959.0	
I	6434.0	3289.0	4552.0	2822.0	2549.0	3469.0	1235.0	388.0	418.0	373.0	382.0	364.0	8381.0	8821.0	7838.0	379.0	8240.0	8105.0	8580.0	8017.0	7280.0	7695.0	7832.0	7734.0	
J	5664.0	3790.0	3963.0	3317.0	413.0	407.0	385.0	390.0	383.0	394.0	423.0	370.0	9027.0	8920.0	427.0	406.0	8479.0	8438.0	8268.0	8923.0	8163.0	8136.0	7954.0	8475.0	
K	1464.0	3986.0	3473.0	4172.0	9425.0	8855.0	8794.0	8957.0	9240.0	9309.0	7468.0	7848.0	8645.0	8102.0	8503.0	8243.0	7694.0	7747.0	6908.0	7125.0	7252.0	6312.0	6939.0	6858.0	
L	3262.0	4550.0	5394.0	4484.0	9639.0	8635.0	9144.0	8894.0	9412.0	8603.0	8431.0	7856.0	8031.0	8370.0	8119.0	406.0	7175.0	402.0	7788.0	418.0	7693.0	415.0	7334.0	6869.0	
M	1497.0	820.0	441.0	2581.0	3653.0	2876.0	2550.0	2165.0	3591.0	3334.0	2322.0	4092.0	2108.0	3684.0	5487.0	5629.0	4768.0	4969.0	5467.0	6031.0	6614.0	6704.0	2935.0	6473.0	
N	3409.0	1998.0	2260.0	2115.0	3099.0	1772.0	2557.0	2716.0	2696.0	400.0	4971.0	379.0	3490.0	405.0	6120.0	459.0	6352.0	3609.0	4901.0	4979.0	6677.0	7390.0	7706.0	7747.0	
O	413.0	391.0	409.0	403.0	397.0	377.0	389.0	377.0	445.0	416.0	434.0	409.0	425.0	429.0	493.0	471.0	488.0	451.0	462.0	430.0	457.0	450.0	421.0	457.0	
P	402.0	404.0	377.0	403.0	417.0	400.0	395.0	470.0	476.0	445.0	473.0	460.0	469.0	467.0	486.0	531.0	487.0	490.0	493.0	505.0	460.0	495.0	456.0	505.0	

Chromatic / Channel:	VIC
Cycle:	1
	1	2	3	4	5	6	7	8	9	10	11	12	13	14	15	16	17	18	19	20	21	22	23	24
A	1009.0	1745.0	1525.0	1576.0	2188.0	2258.0	2315.0	2391.0	1993.0	1853.0	2136.0	2231.0	587.0	552.0	1754.0	1710.0	2002.0	1558.0	1763.0	1612.0	1701.0	1581.0	1351.0	1065.0	
B	1346.0	1393.0	1005.0	1214.0	1829.0	389.0	1851.0	1680.0	1801.0	1719.0	1812.0	1724.0	553.0	565.0	1340.0	1042.0	1455.0	1602.0	1767.0	1521.0	1445.0	1702.0	1127.0	1374.0	
C	3515.0	3775.0	3938.0	2755.0	6113.0	6066.0	5941.0	5799.0	5414.0	5307.0	5420.0	5849.0	880.0	837.0	5186.0	5014.0	4921.0	5051.0	5172.0	4259.0	5655.0	5374.0	5177.0	5922.0	
D	1735.0	5097.0	4004.0	3938.0	5965.0	5687.0	5964.0	5640.0	5443.0	5664.0	5552.0	5624.0	393.0	532.0	4466.0	4542.0	4967.0	4817.0	4701.0	4317.0	4986.0	5333.0	5269.0	5987.0	
E	3067.0	3030.0	2514.0	2555.0	1166.0	1316.0	385.0	883.0	437.0	552.0	519.0	803.0	500.0	529.0	4669.0	4662.0	4861.0	4615.0	3881.0	3755.0	3437.0	3571.0	3193.0	4251.0	
F	3356.0	2598.0	2977.0	428.0	735.0	366.0	748.0	511.0	460.0	377.0	474.0	1097.0	857.0	383.0	4669.0	4543.0	4692.0	371.0	4146.0	381.0	3782.0	365.0	3925.0	423.0	
G	3722.0	2487.0	2603.0	2568.0	5550.0	5240.0	5114.0	4748.0	5058.0	5213.0	5405.0	4928.0	4861.0	5188.0	3929.0	3990.0	3998.0	4239.0	4021.0	4049.0	3945.0	3793.0	3929.0	5027.0	
H	3224.0	2431.0	2700.0	2749.0	5109.0	5072.0	4173.0	5037.0	4749.0	5235.0	5031.0	4980.0	5113.0	5112.0	4456.0	3698.0	3661.0	3956.0	3662.0	3464.0	4106.0	3885.0	3450.0	4651.0	
I	2864.0	2442.0	2835.0	2138.0	1756.0	670.0	982.0	695.0	754.0	401.0	402.0	411.0	1788.0	1963.0	2987.0	375.0	2403.0	2484.0	2434.0	2851.0	2562.0	2709.0	2315.0	2434.0	
J	3176.0	2370.0	2983.0	2638.0	401.0	383.0	409.0	397.0	406.0	366.0	646.0	407.0	2221.0	2519.0	406.0	380.0	2545.0	2656.0	2928.0	2381.0	2828.0	2682.0	2611.0	2988.0	
K	1227.0	2706.0	2590.0	2360.0	1528.0	1493.0	1732.0	1572.0	1539.0	1473.0	3623.0	3385.0	3029.0	3332.0	2493.0	2691.0	2566.0	2466.0	3370.0	3079.0	2832.0	2782.0	2924.0	2376.0	
L	2055.0	2623.0	3079.0	2811.0	1691.0	1566.0	1540.0	1471.0	1485.0	1315.0	3573.0	3451.0	3841.0	3250.0	2934.0	381.0	3028.0	396.0	3044.0	399.0	3027.0	394.0	2670.0	2731.0	
M	1994.0	1361.0	439.0	2823.0	5635.0	5197.0	5398.0	4836.0	689.0	708.0	585.0	705.0	561.0	1142.0	4967.0	4360.0	4311.0	4723.0	4446.0	4373.0	4983.0	4439.0	1051.0	4607.0	
N	3837.0	2324.0	2745.0	2991.0	5710.0	4434.0	5142.0	4828.0	606.0	370.0	838.0	392.0	681.0	378.0	4720.0	428.0	4897.0	3069.0	4860.0	4863.0	5077.0	4924.0	4958.0	4890.0	
O	301.0	264.0	288.0	286.0	263.0	232.0	233.0	226.0	416.0	385.0	419.0	395.0	411.0	396.0	480.0	451.0	499.0	458.0	465.0	430.0	459.0	452.0	433.0	506.0	
P	295.0	264.0	235.0	298.0	304.0	278.0	263.0	466.0	473.0	458.0	469.0	481.0	469.0	455.0	490.0	544.0	511.0	522.0	508.0	546.0	465.0	512.0	482.0	502.0	

Chromatic / Channel:	ROX
Cycle:	1
	1	2	3	4	5	6	7	8	9	10	11	12	13	14	15	16	17	18	19	20	21	22	23	24
A	1592.0	1980.0	2139.0	1893.0	1847.0	1868.0	1932.0	1923.0	1658.0	1725.0	2095.0	2102.0	1688.0	1659.0	1812.0	1790.0	1676.0	1484.0	1647.0	1543.0	1656.0	1600.0	1738.0	1529.0	
B	1617.0	1805.0	1143.0	1590.0	1563.0	1291.0	1542.0	1433.0	1399.0	1479.0	1498.0	1566.0	1381.0	1385.0	1435.0	1379.0	1349.0	1443.0	1490.0	1419.0	1292.0	1591.0	1468.0	1937.0	
C	1454.0	1465.0	1551.0	1423.0	1604.0	1593.0	1559.0	1525.0	1436.0	1427.0	1454.0	1552.0	1257.0	1287.0	1505.0	1504.0	1454.0	1453.0	1508.0	1234.0	1562.0	1498.0	1471.0	1744.0	
D	1311.0	1766.0	1521.0	1478.0	1565.0	1500.0	1544.0	1479.0	1457.0	1496.0	1464.0	1499.0	1177.0	1262.0	1359.0	1388.0	1464.0	1434.0	1404.0	1251.0	1351.0	1466.0	1484.0	1701.0	
E	1394.0	1361.0	1362.0	1339.0	1362.0	1233.0	1185.0	1184.0	1134.0	1218.0	1231.0	1215.0	1237.0	1198.0	1414.0	1389.0	1379.0	1313.0	1325.0	1293.0	1283.0	1251.0	1155.0	1538.0	
F	1422.0	1344.0	1416.0	1383.0	1334.0	1213.0	1259.0	1222.0	1181.0	1236.0	1269.0	1251.0	1277.0	1261.0	1446.0	1422.0	1396.0	1150.0	1329.0	1198.0	1312.0	1139.0	1218.0	1320.0	
G	1435.0	1368.0	1378.0	1412.0	1567.0	1475.0	1493.0	1442.0	1457.0	1501.0	1526.0	1468.0	1464.0	1533.0	1423.0	1393.0	1410.0	1356.0	1390.0	1390.0	1431.0	1365.0	1246.0	1608.0	
H	1458.0	1356.0	1408.0	1367.0	1544.0	1501.0	1442.0	1460.0	1464.0	1506.0	1473.0	1447.0	1551.0	1557.0	1417.0	1348.0	1377.0	1338.0	1386.0	1373.0	1350.0	1292.0	1251.0	1559.0	
I	1583.0	1507.0	1490.0	1434.0	1368.0	1279.0	1279.0	1212.0	1220.0	1209.0	1214.0	1225.0	1407.0	1462.0	1453.0	1159.0	1365.0	1408.0	1400.0	1380.0	1347.0	1356.0	1311.0	1277.0	
J	1557.0	1426.0	1486.0	1443.0	1283.0	1266.0	1271.0	1242.0	1246.0	1216.0	1263.0	1252.0	1498.0	1524.0	1296.0	1194.0	1433.0	1501.0	1456.0	1457.0	1537.0	1471.0	1452.0	1419.0	
K	1277.0	1406.0	1401.0	1471.0	1505.0	1434.0	1427.0	1363.0	1383.0	1421.0	1427.0	1447.0	1425.0	1475.0	1492.0	1445.0	1450.0	1423.0	1460.0	1421.0	1435.0	1351.0	1349.0	1206.0	
L	1384.0	1449.0	1527.0	1457.0	1500.0	1383.0	1442.0	1396.0	1437.0	1366.0	1506.0	1423.0	1499.0	1495.0	1468.0	1215.0	1429.0	1250.0	1508.0	1259.0	1465.0	1218.0	1400.0	1218.0	
M	1416.0	1326.0	1378.0	1480.0	1662.0	1530.0	1521.0	1424.0	1288.0	1310.0	1282.0	1247.0	1334.0	1373.0	1576.0	1526.0	1461.0	1538.0	1531.0	1559.0	1552.0	1426.0	1219.0	1387.0	
N	1585.0	1465.0	1489.0	1535.0	1659.0	1517.0	1537.0	1505.0	1343.0	1245.0	1367.0	1202.0	1352.0	1271.0	1616.0	1333.0	1651.0	1536.0	1600.0	1644.0	1578.0	1565.0	1636.0	1583.0	
O	1342.0	1137.0	1196.0	1188.0	1139.0	1034.0	1047.0	1011.0	1364.0	1249.0	1358.0	1305.0	1339.0	1308.0	1509.0	1398.0	1564.0	1457.0	1479.0	1344.0	1457.0	1398.0	1323.0	1572.0	
P	1307.0	1219.0	1055.0	1281.0	1333.0	1226.0	1202.0	1591.0	1552.0	1510.0	1585.0	1598.0	1574.0	1535.0	1558.0	1759.0	1658.0	1730.0	1666.0	1758.0	1523.0	1641.0	1527.0	1541.0	

