Testname: Douglas Scientific
Date: 7/16/2018	Time: 8:31:32 PM
ID1: 00890018002017.00320180110.959145
No. of Channels / Multichromatics: 3
No. of Cycles: 1
Configuration: Fluorescence (Triple Em.)



Chromatic / Channel:	FAM
Cycle:	1
	1	2	3	4	5	6	7	8	9	10	11	12	13	14	15	16	17	18	19	20	21	22	23	24
A	1582.0	8211.0	4288.0	9169.0	13914.0	13213.0	13128.0	12846.0	11573.0	12416.0	12254.0	12779.0	1254.0	950.0	9329.0	9332.0	10356.0	10563.0	11163.0	11390.0	13087.0	11509.0	9225.0	9934.0	
B	5649.0	5154.0	6573.0	8330.0	10337.0	426.0	10505.0	10507.0	9239.0	9683.0	9058.0	9835.0	396.0	1438.0	7212.0	4956.0	7957.0	9089.0	8950.0	9302.0	9586.0	10183.0	7347.0	8808.0	
C	453.0	499.0	524.0	458.0	2865.0	3447.0	2957.0	2793.0	2630.0	2478.0	3030.0	2364.0	737.0	1290.0	2116.0	1643.0	2025.0	2568.0	1967.0	1727.0	2302.0	2039.0	2259.0	2414.0	
D	466.0	488.0	557.0	489.0	2877.0	2762.0	3046.0	2698.0	2431.0	2412.0	2604.0	2303.0	441.0	372.0	1904.0	1554.0	1758.0	1756.0	1808.0	1557.0	2178.0	2019.0	2249.0	2424.0	
E	577.0	807.0	1169.0	1220.0	2484.0	1577.0	2104.0	2345.0	1307.0	1543.0	1165.0	2287.0	1456.0	1267.0	4776.0	5202.0	3416.0	2968.0	3117.0	3767.0	3521.0	2874.0	3757.0	3240.0	
F	753.0	1067.0	1054.0	439.0	1501.0	402.0	530.0	1871.0	1687.0	411.0	1530.0	1111.0	3425.0	408.0	5287.0	5511.0	4163.0	410.0	3511.0	388.0	3727.0	395.0	2732.0	409.0	
G	859.0	1322.0	1538.0	1325.0	4918.0	4965.0	3615.0	3997.0	4993.0	5089.0	4548.0	3746.0	4027.0	4662.0	3123.0	4300.0	2537.0	3209.0	2307.0	2621.0	2859.0	3561.0	2883.0	3311.0	
H	1164.0	1409.0	1450.0	1389.0	4090.0	4028.0	3825.0	4682.0	3455.0	4721.0	3918.0	4306.0	4887.0	4245.0	3952.0	2683.0	3236.0	3981.0	3405.0	4129.0	3135.0	3023.0	2372.0	3772.0	
I	4282.0	3816.0	4284.0	3455.0	1628.0	385.0	391.0	385.0	378.0	438.0	523.0	1440.0	8911.0	8847.0	7898.0	380.0	8451.0	8551.0	8466.0	8012.0	7731.0	7709.0	8007.0	7664.0	
J	868.0	3210.0	3143.0	3252.0	1713.0	374.0	1560.0	378.0	402.0	406.0	377.0	399.0	8575.0	8708.0	399.0	390.0	8746.0	8464.0	7983.0	7866.0	7320.0	7759.0	7525.0	7788.0	
K	611.0	2437.0	4189.0	2917.0	8440.0	8940.0	9325.0	8766.0	8507.0	8389.0	7395.0	8339.0	7320.0	7565.0	7532.0	7826.0	7041.0	7544.0	6823.0	6719.0	6763.0	6872.0	6181.0	7023.0	
L	714.0	1798.0	3171.0	3729.0	9470.0	9716.0	9197.0	8933.0	9444.0	8959.0	8250.0	8562.0	8122.0	7934.0	8366.0	413.0	7873.0	421.0	7111.0	404.0	7011.0	404.0	6854.0	7359.0	
M	581.0	541.0	449.0	1335.0	3622.0	3162.0	2978.0	2929.0	4135.0	4369.0	3225.0	2949.0	3845.0	1704.0	5351.0	5805.0	4758.0	5653.0	5955.0	5758.0	6974.0	7571.0	394.0	6864.0	
N	710.0	1128.0	1330.0	1190.0	3936.0	1335.0	2318.0	2958.0	4348.0	411.0	4170.0	2049.0	3661.0	403.0	4869.0	418.0	6050.0	4932.0	6087.0	4860.0	7271.0	7534.0	7268.0	7168.0	
O	418.0	403.0	404.0	410.0	412.0	386.0	383.0	387.0	453.0	421.0	422.0	395.0	435.0	393.0	435.0	408.0	459.0	452.0	455.0	432.0	424.0	410.0	417.0	435.0	
P	420.0	417.0	394.0	409.0	401.0	422.0	398.0	467.0	475.0	454.0	447.0	467.0	487.0	461.0	484.0	466.0	491.0	522.0	471.0	488.0	445.0	454.0	455.0	515.0	

Chromatic / Channel:	VIC
Cycle:	1
	1	2	3	4	5	6	7	8	9	10	11	12	13	14	15	16	17	18	19	20	21	22	23	24
A	669.0	1412.0	983.0	1462.0	2486.0	2303.0	2444.0	2317.0	2052.0	2237.0	2252.0	2158.0	615.0	548.0	1646.0	1661.0	2150.0	2006.0	2055.0	1930.0	2267.0	2006.0	1538.0	1519.0	
B	981.0	1120.0	1074.0	1385.0	1783.0	381.0	1975.0	1773.0	1597.0	1603.0	1556.0	1652.0	389.0	495.0	1212.0	910.0	1510.0	1692.0	1529.0	1545.0	1564.0	1697.0	1141.0	1371.0	
C	1670.0	1865.0	2272.0	1245.0	5541.0	5763.0	5670.0	5789.0	5388.0	5232.0	5188.0	4862.0	936.0	1281.0	4612.0	4212.0	5069.0	5182.0	4795.0	4528.0	5450.0	5119.0	5365.0	6487.0	
D	599.0	1953.0	2472.0	2542.0	5514.0	5520.0	5648.0	5429.0	5241.0	4936.0	5324.0	4851.0	703.0	371.0	4495.0	4363.0	4590.0	4956.0	4787.0	4450.0	5068.0	4854.0	5164.0	5637.0	
E	1258.0	1429.0	2099.0	2351.0	926.0	464.0	544.0	938.0	425.0	464.0	735.0	786.0	993.0	734.0	4276.0	4081.0	4528.0	4631.0	3893.0	3845.0	4009.0	3770.0	3954.0	3901.0	
F	1612.0	1583.0	2160.0	382.0	585.0	347.0	1033.0	500.0	466.0	354.0	920.0	666.0	1002.0	358.0	4782.0	4212.0	4417.0	372.0	3724.0	362.0	3881.0	366.0	3810.0	358.0	
G	1881.0	2952.0	2470.0	2012.0	4847.0	4994.0	5139.0	4825.0	4819.0	4784.0	5048.0	4589.0	4575.0	4819.0	4121.0	3847.0	4358.0	4033.0	3859.0	4497.0	4018.0	3975.0	4289.0	4339.0	
H	1994.0	2474.0	2282.0	2264.0	4767.0	4661.0	3619.0	4886.0	4499.0	4673.0	4921.0	4483.0	4675.0	4578.0	3049.0	4203.0	3501.0	3828.0	4051.0	3482.0	3540.0	3398.0	3721.0	3891.0	
I	2915.0	2264.0	2777.0	2042.0	494.0	408.0	406.0	390.0	387.0	790.0	1082.0	476.0	2084.0	1634.0	2583.0	352.0	2448.0	2546.0	2118.0	2423.0	2477.0	2647.0	2014.0	2645.0	
J	822.0	1827.0	2544.0	2482.0	475.0	347.0	482.0	384.0	387.0	354.0	374.0	409.0	1626.0	1505.0	360.0	348.0	2218.0	2448.0	2829.0	2569.0	2853.0	2188.0	2698.0	2574.0	
K	604.0	2071.0	1893.0	2095.0	1357.0	1454.0	1522.0	1541.0	1472.0	1272.0	3644.0	3242.0	3374.0	2931.0	2805.0	2740.0	2754.0	2910.0	2822.0	3106.0	2755.0	2665.0	2318.0	1783.0	
L	688.0	1319.0	1967.0	2203.0	1638.0	1538.0	1443.0	1379.0	1522.0	1545.0	3355.0	3053.0	3326.0	3759.0	2743.0	353.0	2509.0	375.0	2513.0	388.0	2591.0	376.0	2579.0	2385.0	
M	604.0	595.0	394.0	1575.0	5546.0	5076.0	5224.0	4827.0	1323.0	739.0	611.0	923.0	689.0	498.0	4580.0	4709.0	4495.0	4548.0	4387.0	4250.0	4645.0	4369.0	370.0	4748.0	
N	963.0	1515.0	1455.0	1306.0	5031.0	2930.0	4731.0	4044.0	755.0	370.0	718.0	497.0	1154.0	362.0	4303.0	378.0	4277.0	3213.0	4524.0	4748.0	4729.0	5196.0	4795.0	4928.0	
O	308.0	251.0	249.0	237.0	254.0	244.0	243.0	226.0	434.0	391.0	378.0	339.0	382.0	349.0	409.0	374.0	442.0	463.0	435.0	421.0	420.0	415.0	427.0	471.0	
P	255.0	256.0	255.0	272.0	282.0	277.0	282.0	462.0	481.0	459.0	441.0	440.0	462.0	447.0	449.0	478.0	507.0	525.0	487.0	486.0	452.0	469.0	489.0	541.0	

Chromatic / Channel:	ROX
Cycle:	1
	1	2	3	4	5	6	7	8	9	10	11	12	13	14	15	16	17	18	19	20	21	22	23	24
A	1592.0	2335.0	2240.0	2304.0	2151.0	2047.0	1964.0	1957.0	1735.0	1887.0	1903.0	1921.0	1728.0	1584.0	1757.0	1699.0	1750.0	1709.0	1766.0	1801.0	2001.0	1849.0	1875.0	1904.0	
B	1637.0	2332.0	1844.0	1699.0	1566.0	1292.0	1550.0	1547.0	1383.0	1452.0	1365.0	1447.0	1200.0	1234.0	1247.0	1268.0	1363.0	1488.0	1378.0	1437.0	1449.0	1523.0	1400.0	1996.0	
C	1332.0	1350.0	1407.0	1303.0	1527.0	1572.0	1554.0	1582.0	1468.0	1435.0	1439.0	1351.0	1253.0	1216.0	1413.0	1366.0	1477.0	1498.0	1446.0	1379.0	1505.0	1431.0	1481.0	1818.0	
D	1284.0	1341.0	1382.0	1363.0	1486.0	1489.0	1539.0	1488.0	1451.0	1364.0	1450.0	1331.0	1215.0	1122.0	1344.0	1365.0	1424.0	1477.0	1415.0	1347.0	1416.0	1367.0	1441.0	1569.0	
E	1306.0	1241.0	1329.0	1295.0	1233.0	1150.0	1234.0	1266.0	1119.0	1149.0	1207.0	1126.0	1176.0	1112.0	1359.0	1328.0	1354.0	1344.0	1326.0	1313.0	1353.0	1290.0	1304.0	1397.0	
F	1337.0	1340.0	1409.0	1302.0	1257.0	1194.0	1254.0	1227.0	1145.0	1191.0	1220.0	1156.0	1270.0	1199.0	1459.0	1383.0	1419.0	1200.0	1316.0	1158.0	1311.0	1155.0	1290.0	1129.0	
G	1390.0	1408.0	1399.0	1294.0	1471.0	1499.0	1488.0	1426.0	1463.0	1460.0	1466.0	1348.0	1398.0	1448.0	1337.0	1378.0	1417.0	1380.0	1312.0	1382.0	1323.0	1354.0	1325.0	1413.0	
H	1462.0	1375.0	1389.0	1276.0	1441.0	1465.0	1466.0	1526.0	1392.0	1429.0	1444.0	1344.0	1464.0	1385.0	1378.0	1382.0	1351.0	1392.0	1374.0	1298.0	1217.0	1236.0	1243.0	1335.0	
I	1571.0	1491.0	1428.0	1373.0	1250.0	1275.0	1276.0	1236.0	1198.0	1231.0	1298.0	1193.0	1422.0	1348.0	1416.0	1157.0	1441.0	1431.0	1402.0	1327.0	1336.0	1329.0	1282.0	1309.0	
J	1333.0	1451.0	1395.0	1316.0	1224.0	1176.0	1274.0	1215.0	1229.0	1196.0	1184.0	1149.0	1418.0	1345.0	1212.0	1171.0	1447.0	1453.0	1401.0	1381.0	1375.0	1337.0	1317.0	1327.0	
K	1241.0	1368.0	1361.0	1339.0	1335.0	1414.0	1447.0	1356.0	1329.0	1373.0	1425.0	1431.0	1392.0	1348.0	1391.0	1400.0	1451.0	1432.0	1352.0	1382.0	1352.0	1365.0	1250.0	1142.0	
L	1241.0	1391.0	1384.0	1399.0	1480.0	1499.0	1419.0	1386.0	1447.0	1388.0	1455.0	1423.0	1441.0	1485.0	1462.0	1197.0	1458.0	1241.0	1420.0	1227.0	1381.0	1200.0	1288.0	1278.0	
M	1311.0	1290.0	1319.0	1378.0	1684.0	1528.0	1540.0	1479.0	1373.0	1362.0	1218.0	1268.0	1300.0	1240.0	1488.0	1553.0	1534.0	1558.0	1539.0	1462.0	1477.0	1493.0	1167.0	1485.0	
N	1512.0	1414.0	1377.0	1324.0	1567.0	1444.0	1515.0	1470.0	1379.0	1244.0	1264.0	1170.0	1318.0	1211.0	1413.0	1248.0	1564.0	1583.0	1594.0	1580.0	1535.0	1662.0	1586.0	1527.0	
O	1315.0	1111.0	1112.0	1077.0	1152.0	1069.0	1087.0	1049.0	1426.0	1318.0	1279.0	1130.0	1275.0	1182.0	1355.0	1235.0	1442.0	1497.0	1416.0	1335.0	1326.0	1276.0	1319.0	1444.0	
P	1174.0	1217.0	1170.0	1250.0	1287.0	1280.0	1265.0	1573.0	1612.0	1577.0	1497.0	1497.0	1567.0	1514.0	1496.0	1586.0	1662.0	1752.0	1600.0	1603.0	1444.0	1496.0	1506.0	1684.0	

