Testname: Douglas Scientific
Date: 7/16/2018	Time: 8:32:00 PM
ID1: 00890018002017.00320180110.959144
No. of Channels / Multichromatics: 3
No. of Cycles: 1
Configuration: Fluorescence (Triple Em.)



Chromatic / Channel:	FAM
Cycle:	1
	1	2	3	4	5	6	7	8	9	10	11	12	13	14	15	16	17	18	19	20	21	22	23	24
A	1112.0	9995.0	2602.0	10226.0	12037.0	11843.0	13701.0	12312.0	11257.0	10843.0	11463.0	12863.0	2187.0	460.0	10464.0	9269.0	11305.0	10856.0	11993.0	11391.0	11956.0	10974.0	9829.0	7681.0	
B	8151.0	9203.0	9577.0	427.0	10999.0	429.0	10244.0	9665.0	9218.0	8605.0	9068.0	10017.0	794.0	2348.0	8068.0	5561.0	8414.0	9405.0	10404.0	9480.0	9446.0	10091.0	5758.0	8938.0	
C	449.0	535.0	594.0	468.0	3061.0	3017.0	3018.0	3239.0	2840.0	2380.0	2424.0	2841.0	483.0	536.0	1871.0	2844.0	1491.0	1623.0	1901.0	2187.0	2348.0	2284.0	1852.0	3073.0	
D	447.0	568.0	656.0	622.0	2679.0	2555.0	2474.0	2519.0	2438.0	2339.0	2531.0	2837.0	520.0	468.0	1417.0	2036.0	1734.0	2603.0	2124.0	1493.0	2393.0	1887.0	2503.0	2536.0	
E	848.0	1007.0	1584.0	1379.0	4230.0	2084.0	391.0	2525.0	399.0	356.0	3114.0	427.0	3726.0	1794.0	5411.0	4929.0	2641.0	2610.0	3269.0	2892.0	2982.0	2482.0	2878.0	3744.0	
F	1000.0	1398.0	1680.0	1293.0	1369.0	1671.0	1476.0	1463.0	1609.0	413.0	1353.0	2584.0	2361.0	424.0	5028.0	5148.0	3395.0	398.0	4103.0	388.0	2782.0	395.0	4321.0	405.0	
G	1720.0	1258.0	1182.0	1111.0	4385.0	4144.0	4350.0	4336.0	4686.0	4623.0	3760.0	4123.0	3982.0	4882.0	2770.0	3306.0	3216.0	2144.0	3124.0	2926.0	2664.0	2439.0	2465.0	2364.0	
H	1990.0	1441.0	1542.0	1222.0	3980.0	4129.0	3850.0	4120.0	3635.0	4423.0	4497.0	5021.0	4615.0	3723.0	3126.0	3530.0	3239.0	2667.0	3556.0	3489.0	3470.0	3629.0	3462.0	3366.0	
I	2764.0	3956.0	3316.0	3546.0	1337.0	1533.0	392.0	398.0	877.0	379.0	967.0	402.0	8290.0	9046.0	7886.0	398.0	8006.0	8044.0	7617.0	8467.0	8064.0	8367.0	7490.0	8319.0	
J	2214.0	3698.0	3719.0	3959.0	1496.0	367.0	468.0	389.0	408.0	406.0	370.0	396.0	8809.0	8230.0	408.0	397.0	7943.0	8293.0	7295.0	8260.0	8303.0	7355.0	7854.0	8970.0	
K	823.0	3588.0	5068.0	2800.0	8811.0	7832.0	8777.0	8167.0	8466.0	8214.0	7421.0	7706.0	7036.0	8019.0	7654.0	7981.0	6821.0	7563.0	6208.0	6229.0	7195.0	6170.0	6063.0	6588.0	
L	1759.0	3313.0	3856.0	3806.0	8674.0	7617.0	8580.0	8437.0	9574.0	8859.0	7524.0	8449.0	7541.0	7870.0	7575.0	399.0	6758.0	403.0	6706.0	384.0	7067.0	411.0	7292.0	7375.0	
M	852.0	651.0	425.0	2493.0	3850.0	2604.0	3173.0	3393.0	2910.0	2544.0	2289.0	2838.0	3767.0	3734.0	4398.0	5486.0	5004.0	5976.0	5142.0	5013.0	7274.0	7457.0	776.0	6123.0	
N	1232.0	1693.0	2047.0	1903.0	3353.0	1575.0	3572.0	405.0	2783.0	5321.0	2949.0	2668.0	2992.0	397.0	5262.0	428.0	5225.0	1212.0	6792.0	5950.0	6955.0	7457.0	6999.0	7942.0	
O	372.0	369.0	370.0	358.0	384.0	355.0	374.0	371.0	446.0	405.0	417.0	426.0	405.0	417.0	445.0	424.0	450.0	450.0	461.0	425.0	463.0	435.0	428.0	413.0	
P	390.0	389.0	420.0	370.0	408.0	411.0	405.0	462.0	478.0	441.0	441.0	437.0	448.0	459.0	445.0	490.0	471.0	496.0	506.0	464.0	492.0	451.0	461.0	487.0	

Chromatic / Channel:	VIC
Cycle:	1
	1	2	3	4	5	6	7	8	9	10	11	12	13	14	15	16	17	18	19	20	21	22	23	24
A	350.0	1565.0	695.0	1507.0	2099.0	2050.0	2620.0	2232.0	2040.0	2016.0	2003.0	2442.0	724.0	549.0	1975.0	1707.0	2341.0	2468.0	2210.0	2303.0	2140.0	1916.0	1525.0	1269.0	
B	1253.0	1369.0	1395.0	401.0	2149.0	359.0	1929.0	1751.0	1760.0	1593.0	1613.0	1811.0	413.0	737.0	1524.0	1139.0	1565.0	1899.0	1931.0	1723.0	1746.0	1741.0	962.0	1405.0	
C	1417.0	2100.0	2303.0	1850.0	5852.0	5332.0	5508.0	5838.0	5271.0	4773.0	5216.0	5281.0	906.0	1095.0	5258.0	5441.0	5481.0	5340.0	5443.0	4718.0	5360.0	5334.0	5388.0	6353.0	
D	742.0	2249.0	2546.0	2952.0	5257.0	5056.0	5252.0	5157.0	5196.0	4599.0	5085.0	5362.0	1370.0	973.0	4180.0	4661.0	4850.0	5322.0	5260.0	4758.0	5550.0	5449.0	5347.0	5437.0	
E	1371.0	2161.0	2742.0	2078.0	722.0	494.0	373.0	1655.0	336.0	332.0	612.0	686.0	672.0	687.0	4329.0	4536.0	4968.0	4959.0	4027.0	4169.0	4413.0	4089.0	4246.0	4071.0	
F	1703.0	2769.0	2548.0	2458.0	748.0	622.0	454.0	465.0	725.0	338.0	711.0	591.0	1033.0	371.0	5125.0	5019.0	4949.0	369.0	4308.0	361.0	4273.0	365.0	4514.0	388.0	
G	2638.0	2169.0	2349.0	1970.0	4525.0	4499.0	4842.0	4377.0	4486.0	4721.0	4922.0	4908.0	4863.0	4987.0	4416.0	4448.0	4313.0	4437.0	4296.0	4015.0	4190.0	4243.0	4420.0	4526.0	
H	2080.0	2292.0	2035.0	1855.0	4380.0	4420.0	3365.0	4638.0	4559.0	4928.0	4681.0	5349.0	4685.0	5224.0	4270.0	3975.0	4148.0	4391.0	4409.0	3836.0	4326.0	3876.0	4048.0	4083.0	
I	2050.0	2162.0	2440.0	2061.0	431.0	452.0	373.0	383.0	651.0	370.0	419.0	406.0	2144.0	2174.0	3170.0	365.0	2962.0	3214.0	2956.0	2490.0	2845.0	2703.0	2268.0	2865.0	
J	1752.0	2207.0	2257.0	2009.0	442.0	319.0	717.0	356.0	371.0	333.0	344.0	383.0	1814.0	2289.0	372.0	348.0	2650.0	2770.0	3195.0	2913.0	2678.0	2747.0	2367.0	2735.0	
K	635.0	2039.0	2290.0	2175.0	1540.0	1486.0	1385.0	1321.0	1356.0	1374.0	3432.0	3188.0	3437.0	3445.0	3188.0	2594.0	3309.0	2919.0	3381.0	2897.0	3158.0	3195.0	2830.0	2532.0	
L	1043.0	1871.0	2639.0	2421.0	1431.0	1222.0	1529.0	1313.0	1577.0	1629.0	3582.0	3428.0	3355.0	3462.0	2602.0	351.0	3344.0	357.0	3062.0	349.0	2986.0	369.0	2332.0	2649.0	
M	1144.0	888.0	360.0	2075.0	5010.0	4382.0	4538.0	4551.0	1167.0	1288.0	1242.0	919.0	1653.0	714.0	4769.0	4900.0	4588.0	4982.0	4563.0	4976.0	5066.0	4960.0	1126.0	4825.0	
N	1424.0	1897.0	1649.0	2083.0	4627.0	3383.0	4621.0	346.0	603.0	1113.0	604.0	550.0	597.0	352.0	4848.0	396.0	5143.0	3447.0	4979.0	4918.0	4905.0	5143.0	5235.0	4970.0	
O	235.0	226.0	227.0	211.0	225.0	202.0	236.0	220.0	395.0	343.0	360.0	366.0	368.0	387.0	420.0	400.0	459.0	459.0	452.0	420.0	462.0	448.0	446.0	481.0	
P	216.0	217.0	296.0	208.0	253.0	235.0	258.0	419.0	455.0	453.0	410.0	412.0	438.0	454.0	440.0	479.0	479.0	478.0	502.0	449.0	483.0	510.0	528.0	494.0	

Chromatic / Channel:	ROX
Cycle:	1
	1	2	3	4	5	6	7	8	9	10	11	12	13	14	15	16	17	18	19	20	21	22	23	24
A	737.0	1910.0	1531.0	2022.0	1895.0	1868.0	2034.0	1852.0	1726.0	1674.0	1703.0	1924.0	1769.0	1647.0	1873.0	1748.0	1876.0	1822.0	1894.0	1789.0	1838.0	1695.0	1838.0	1710.0	
B	1565.0	1781.0	1666.0	1289.0	1581.0	1176.0	1469.0	1392.0	1319.0	1260.0	1288.0	1450.0	1138.0	1293.0	1395.0	1345.0	1398.0	1493.0	1601.0	1501.0	1476.0	1547.0	1378.0	1897.0	
C	1232.0	1167.0	1323.0	1176.0	1511.0	1382.0	1426.0	1528.0	1407.0	1263.0	1371.0	1385.0	1157.0	1175.0	1498.0	1610.0	1582.0	1593.0	1612.0	1406.0	1486.0	1527.0	1495.0	1740.0	
D	1432.0	1073.0	1268.0	1242.0	1372.0	1296.0	1359.0	1336.0	1342.0	1214.0	1313.0	1366.0	1147.0	1181.0	1278.0	1355.0	1420.0	1573.0	1537.0	1389.0	1525.0	1479.0	1471.0	1517.0	
E	1227.0	1108.0	1212.0	1108.0	1165.0	1084.0	1121.0	1160.0	1103.0	997.0	1126.0	1106.0	1146.0	1108.0	1311.0	1331.0	1382.0	1356.0	1326.0	1307.0	1434.0	1302.0	1348.0	1348.0	
F	1218.0	1155.0	1222.0	1161.0	1156.0	1136.0	1140.0	1201.0	1154.0	1122.0	1131.0	1216.0	1169.0	1181.0	1486.0	1451.0	1432.0	1194.0	1439.0	1162.0	1411.0	1180.0	1460.0	1205.0	
G	1213.0	1101.0	1179.0	1140.0	1329.0	1331.0	1390.0	1306.0	1291.0	1348.0	1363.0	1355.0	1362.0	1434.0	1369.0	1385.0	1398.0	1322.0	1374.0	1339.0	1358.0	1341.0	1364.0	1420.0	
H	1291.0	1098.0	1132.0	1148.0	1308.0	1354.0	1320.0	1338.0	1347.0	1402.0	1337.0	1518.0	1378.0	1453.0	1413.0	1396.0	1384.0	1384.0	1428.0	1348.0	1378.0	1312.0	1310.0	1396.0	
I	1323.0	1173.0	1282.0	1255.0	1130.0	1154.0	1132.0	1169.0	1186.0	1107.0	1123.0	1208.0	1344.0	1447.0	1412.0	1167.0	1365.0	1447.0	1370.0	1401.0	1469.0	1447.0	1303.0	1433.0	
J	1279.0	1186.0	1258.0	1164.0	1130.0	1050.0	1182.0	1087.0	1139.0	1084.0	1067.0	1175.0	1345.0	1368.0	1207.0	1135.0	1383.0	1385.0	1396.0	1426.0	1470.0	1396.0	1342.0	1454.0	
K	1040.0	1169.0	1278.0	1206.0	1304.0	1242.0	1301.0	1215.0	1309.0	1232.0	1301.0	1333.0	1298.0	1412.0	1393.0	1350.0	1391.0	1419.0	1361.0	1272.0	1436.0	1349.0	1256.0	1292.0	
L	1150.0	1193.0	1328.0	1276.0	1304.0	1149.0	1271.0	1311.0	1391.0	1311.0	1355.0	1400.0	1351.0	1440.0	1315.0	1141.0	1393.0	1182.0	1414.0	1146.0	1431.0	1191.0	1312.0	1357.0	
M	1248.0	1161.0	1185.0	1229.0	1482.0	1285.0	1326.0	1343.0	1245.0	1208.0	1152.0	1182.0	1243.0	1274.0	1418.0	1538.0	1513.0	1601.0	1473.0	1543.0	1649.0	1578.0	1297.0	1461.0	
N	1326.0	1245.0	1267.0	1305.0	1402.0	1223.0	1413.0	1164.0	1272.0	1353.0	1130.0	1099.0	1184.0	1155.0	1521.0	1260.0	1570.0	1557.0	1686.0	1635.0	1607.0	1664.0	1657.0	1604.0	
O	1061.0	1004.0	970.0	931.0	987.0	861.0	1021.0	957.0	1294.0	1122.0	1179.0	1190.0	1197.0	1262.0	1356.0	1262.0	1460.0	1472.0	1489.0	1388.0	1498.0	1413.0	1417.0	1437.0	
P	1100.0	1090.0	1364.0	973.0	1167.0	1099.0	1156.0	1423.0	1442.0	1280.0	1348.0	1368.0	1450.0	1498.0	1430.0	1544.0	1614.0	1644.0	1687.0	1517.0	1598.0	1687.0	1648.0	1586.0	

