Testname: Douglas Scientific
Date: 7/16/2018	Time: 8:21:16 PM
ID1: 00890018002017.00320180110.959167
No. of Channels / Multichromatics: 3
No. of Cycles: 1
Configuration: Fluorescence (Triple Em.)



Chromatic / Channel:	FAM
Cycle:	1
	1	2	3	4	5	6	7	8	9	10	11	12	13	14	15	16	17	18	19	20	21	22	23	24
A	23299.0	27614.0	27481.0	23302.0	21365.0	24237.0	24064.0	20357.0	22439.0	20728.0	23612.0	20289.0	5186.0	3228.0	21440.0	16598.0	19944.0	16172.0	17327.0	18230.0	17861.0	17176.0	17028.0	14495.0	
B	18952.0	29482.0	27793.0	22387.0	19368.0	2426.0	15252.0	2325.0	16131.0	18049.0	16477.0	18424.0	2893.0	1916.0	16786.0	16621.0	15512.0	15938.0	15321.0	16470.0	19488.0	20119.0	16288.0	11657.0	
C	1171.0	1440.0	1329.0	1177.0	1172.0	961.0	1049.0	1054.0	1468.0	1021.0	1056.0	1060.0	3001.0	1739.0	1101.0	1728.0	1050.0	984.0	1359.0	922.0	1461.0	1877.0	1212.0	1434.0	
D	1601.0	1351.0	1333.0	1786.0	1235.0	1219.0	1055.0	2044.0	1144.0	1649.0	1276.0	1017.0	1899.0	2141.0	1178.0	1093.0	1133.0	1082.0	1165.0	1109.0	1073.0	1325.0	1294.0	1244.0	
E	11569.0	10122.0	10940.0	11173.0	8245.0	4082.0	2156.0	1882.0	4626.0	5019.0	3543.0	2256.0	4930.0	5311.0	6766.0	7006.0	3591.0	4969.0	4879.0	4231.0	4957.0	7106.0	5844.0	4468.0	
F	12002.0	11387.0	12485.0	2712.0	7049.0	2455.0	2738.0	5199.0	3536.0	2465.0	5095.0	2688.0	3495.0	2428.0	9095.0	8003.0	3663.0	2376.0	4327.0	2444.0	6520.0	2397.0	7579.0	2338.0	
G	11351.0	11507.0	12707.0	12451.0	5393.0	6406.0	6072.0	5149.0	5140.0	3538.0	4871.0	4475.0	5606.0	6541.0	4834.0	4897.0	4639.0	5499.0	5821.0	2896.0	5514.0	5917.0	7277.0	5634.0	
H	11879.0	9784.0	11172.0	11842.0	4083.0	4048.0	4894.0	4500.0	5929.0	4271.0	3348.0	5766.0	4531.0	5716.0	6934.0	5926.0	4650.0	6407.0	5520.0	4630.0	5930.0	4532.0	3535.0	6496.0	
I	17038.0	16141.0	16634.0	16658.0	5636.0	6110.0	2338.0	2315.0	2120.0	2265.0	2385.0	2365.0	15716.0	15515.0	14591.0	2405.0	14182.0	15092.0	14142.0	14305.0	13661.0	15859.0	14874.0	13198.0	
J	16220.0	15883.0	17080.0	16376.0	5233.0	2466.0	2205.0	2392.0	2365.0	2475.0	2328.0	2357.0	13366.0	15919.0	2689.0	2520.0	14728.0	15358.0	14510.0	14140.0	15558.0	13928.0	14830.0	14002.0	
K	16126.0	16818.0	17344.0	16245.0	14256.0	15672.0	14621.0	14556.0	15386.0	14502.0	12933.0	11806.0	13840.0	13574.0	15264.0	14975.0	10706.0	11083.0	8158.0	10138.0	10702.0	13124.0	13281.0	11064.0	
L	16946.0	15397.0	17079.0	17468.0	15464.0	13908.0	13229.0	13601.0	16131.0	15300.0	12815.0	13761.0	12450.0	13158.0	14430.0	2342.0	12609.0	2250.0	8507.0	2377.0	9762.0	2147.0	10631.0	11881.0	
M	13972.0	13952.0	2534.0	15056.0	2702.0	3484.0	5073.0	2745.0	5746.0	2667.0	5338.0	3834.0	4875.0	6399.0	7010.0	7765.0	6278.0	6333.0	6896.0	7027.0	10776.0	11760.0	2509.0	10366.0	
N	13890.0	15225.0	17507.0	13225.0	3532.0	2513.0	1891.0	2396.0	7363.0	2299.0	4720.0	2207.0	2312.0	2482.0	6588.0	2383.0	9495.0	4400.0	5176.0	7235.0	11052.0	10079.0	11640.0	12693.0	
O	3024.0	2731.0	2781.0	2567.0	2707.0	2453.0	2392.0	2267.0	2613.0	2302.0	2234.0	2252.0	2480.0	2332.0	2495.0	2310.0	2297.0	2284.0	2272.0	2294.0	2638.0	2524.0	2350.0	2795.0	
P	2836.0	2960.0	3083.0	2991.0	3026.0	2905.0	2851.0	2921.0	2750.0	2829.0	2588.0	2596.0	2650.0	2903.0	2672.0	2678.0	2476.0	2606.0	2236.0	2623.0	2368.0	2300.0	2373.0	2810.0	

Chromatic / Channel:	VIC
Cycle:	1
	1	2	3	4	5	6	7	8	9	10	11	12	13	14	15	16	17	18	19	20	21	22	23	24
A	2545.0	3138.0	3146.0	2656.0	2514.0	2983.0	2978.0	2392.0	2790.0	2455.0	2806.0	2391.0	1105.0	1046.0	3097.0	1915.0	2636.0	2129.0	2044.0	2111.0	2076.0	2003.0	2073.0	1750.0	
B	2063.0	3333.0	3101.0	2493.0	2232.0	756.0	1756.0	737.0	2057.0	2096.0	2463.0	2152.0	801.0	2520.0	1961.0	2151.0	2196.0	2346.0	1833.0	1932.0	2215.0	2301.0	1915.0	1509.0	
C	10204.0	10796.0	11531.0	11293.0	10607.0	10321.0	10329.0	10241.0	10153.0	10709.0	10041.0	10755.0	2170.0	3358.0	8659.0	8796.0	8727.0	8783.0	8544.0	8465.0	11147.0	10436.0	11705.0	9225.0	
D	10192.0	9925.0	11382.0	10211.0	10417.0	10505.0	10363.0	10095.0	10774.0	10871.0	11073.0	10185.0	2490.0	1497.0	9402.0	8669.0	8821.0	8367.0	8401.0	8873.0	10421.0	12145.0	10900.0	9346.0	
E	8691.0	8461.0	9660.0	9115.0	2026.0	2706.0	1465.0	3279.0	3429.0	929.0	1328.0	1775.0	2314.0	1488.0	9537.0	9377.0	9687.0	9011.0	7106.0	7770.0	7442.0	9965.0	8399.0	7395.0	
F	8551.0	8724.0	9306.0	809.0	1543.0	718.0	761.0	905.0	835.0	757.0	1472.0	2873.0	824.0	749.0	9499.0	9212.0	9509.0	760.0	7315.0	777.0	7349.0	792.0	9369.0	745.0	
G	8840.0	8383.0	8843.0	8653.0	9484.0	8806.0	8841.0	8835.0	9943.0	9489.0	8828.0	9131.0	9684.0	9543.0	8124.0	7994.0	8194.0	7571.0	7231.0	7898.0	8112.0	7651.0	8628.0	7664.0	
H	8427.0	8479.0	9149.0	8705.0	10060.0	9981.0	8562.0	9249.0	8622.0	9192.0	9890.0	9312.0	9853.0	9184.0	8005.0	7484.0	7979.0	7909.0	7262.0	7987.0	7781.0	7722.0	8312.0	7726.0	
I	4632.0	6777.0	4862.0	5853.0	2375.0	1005.0	744.0	753.0	1870.0	1509.0	766.0	767.0	3552.0	2799.0	5147.0	787.0	5752.0	5611.0	5175.0	4609.0	4232.0	5749.0	5686.0	4961.0	
J	6219.0	6190.0	5102.0	5743.0	2506.0	708.0	1536.0	684.0	736.0	720.0	728.0	680.0	3553.0	3118.0	809.0	806.0	4557.0	3870.0	4966.0	4933.0	4992.0	5186.0	4817.0	4348.0	
K	5379.0	5701.0	5306.0	6069.0	1887.0	1738.0	2032.0	1599.0	2539.0	1608.0	6029.0	6502.0	4239.0	6575.0	6343.0	5772.0	6376.0	5538.0	7340.0	5154.0	6227.0	7484.0	7106.0	4554.0	
L	5090.0	4934.0	5726.0	5473.0	1916.0	2752.0	2044.0	1506.0	1759.0	1655.0	5215.0	6092.0	5457.0	5926.0	4793.0	733.0	5452.0	721.0	5654.0	734.0	6285.0	688.0	5878.0	4082.0	
M	7384.0	7002.0	734.0	7838.0	8958.0	8754.0	8227.0	8599.0	979.0	1789.0	893.0	2117.0	926.0	1062.0	9619.0	9343.0	8948.0	8207.0	8268.0	8066.0	7651.0	8775.0	810.0	8297.0	
N	8012.0	8318.0	6255.0	8088.0	10235.0	736.0	8839.0	685.0	1054.0	678.0	1265.0	667.0	700.0	753.0	8897.0	779.0	8516.0	7923.0	8343.0	8557.0	8787.0	8530.0	9686.0	8489.0	
O	576.0	527.0	551.0	491.0	529.0	467.0	464.0	412.0	811.0	717.0	698.0	699.0	770.0	736.0	859.0	792.0	793.0	787.0	769.0	771.0	892.0	839.0	811.0	959.0	
P	525.0	899.0	612.0	604.0	586.0	860.0	568.0	881.0	844.0	858.0	795.0	823.0	835.0	940.0	936.0	919.0	862.0	894.0	787.0	865.0	825.0	2455.0	835.0	986.0	

Chromatic / Channel:	ROX
Cycle:	1
	1	2	3	4	5	6	7	8	9	10	11	12	13	14	15	16	17	18	19	20	21	22	23	24
A	3578.0	4534.0	4642.0	3972.0	3883.0	4227.0	4303.0	3592.0	3941.0	3636.0	4350.0	3642.0	3280.0	3409.0	3975.0	2771.0	3748.0	2817.0	2937.0	3209.0	3140.0	3078.0	3733.0	3055.0	
B	2939.0	4769.0	4490.0	3631.0	3337.0	2759.0	2646.0	2657.0	2815.0	3119.0	2938.0	3117.0	2550.0	2804.0	2952.0	2925.0	2741.0	2828.0	2682.0	2912.0	3345.0	3584.0	3428.0	3054.0	
C	2975.0	3276.0	3568.0	3413.0	3197.0	3040.0	3024.0	3008.0	2988.0	3142.0	2987.0	3200.0	2683.0	2796.0	2954.0	2973.0	2954.0	2949.0	2769.0	2840.0	3496.0	3306.0	3665.0	2874.0	
D	2949.0	2983.0	3421.0	3159.0	3106.0	3137.0	3007.0	3016.0	3175.0	3206.0	3261.0	2970.0	2620.0	2702.0	3073.0	2900.0	2971.0	2804.0	2822.0	2937.0	3205.0	3755.0	3389.0	2910.0	
E	2991.0	3019.0	3404.0	3276.0	3103.0	2894.0	2614.0	2718.0	2806.0	2706.0	2761.0	2661.0	2721.0	2719.0	3132.0	3023.0	2986.0	2875.0	2736.0	2944.0	3158.0	3628.0	3282.0	2863.0	
F	2988.0	3035.0	3321.0	3015.0	3067.0	2658.0	2575.0	2609.0	2678.0	2686.0	2789.0	2637.0	2660.0	2641.0	3205.0	3095.0	2986.0	2582.0	2685.0	2708.0	3123.0	2805.0	3765.0	2547.0	
G	3011.0	3059.0	3327.0	3272.0	3104.0	3025.0	2906.0	2873.0	3104.0	3027.0	2906.0	2991.0	3053.0	3107.0	3043.0	3048.0	3000.0	2922.0	2782.0	2866.0	2996.0	3002.0	3361.0	2895.0	
H	3091.0	3009.0	3421.0	3276.0	3187.0	3194.0	2855.0	3018.0	3097.0	2970.0	3094.0	3080.0	3190.0	3219.0	3128.0	3047.0	3037.0	3013.0	2912.0	2962.0	3011.0	3014.0	3353.0	2915.0	
I	2891.0	3216.0	3200.0	3267.0	2984.0	2818.0	2608.0	2585.0	2631.0	2683.0	2628.0	2633.0	3025.0	3084.0	3039.0	2658.0	3052.0	3058.0	2944.0	2943.0	3009.0	3440.0	3449.0	2770.0	
J	3079.0	2983.0	3186.0	3149.0	2770.0	2647.0	2586.0	2536.0	2558.0	2620.0	2530.0	2502.0	2767.0	3089.0	2799.0	2772.0	3013.0	2949.0	2988.0	2928.0	3229.0	3091.0	3181.0	2776.0	
K	2847.0	3034.0	3205.0	3226.0	2793.0	2941.0	2854.0	2714.0	2870.0	2828.0	2942.0	2926.0	2818.0	3093.0	3175.0	3209.0	3114.0	2930.0	2972.0	2956.0	3208.0	3755.0	3803.0	2581.0	
L	2927.0	2851.0	3206.0	3289.0	2843.0	2882.0	2635.0	2650.0	2891.0	2811.0	2710.0	3002.0	2758.0	3053.0	3051.0	2556.0	3001.0	2482.0	2566.0	2601.0	2945.0	2467.0	2967.0	2554.0	
M	2981.0	3049.0	2717.0	3356.0	3057.0	2968.0	2875.0	2834.0	2795.0	2655.0	2572.0	2694.0	2731.0	2958.0	3245.0	3231.0	3089.0	2748.0	2845.0	2904.0	2980.0	3299.0	2847.0	2939.0	
N	3201.0	3284.0	3428.0	3382.0	3401.0	2732.0	2945.0	2535.0	2648.0	2515.0	2674.0	2432.0	2575.0	2794.0	3056.0	2616.0	3101.0	2720.0	2886.0	2980.0	3173.0	3160.0	3592.0	3352.0	
O	2450.0	2209.0	2403.0	2192.0	2332.0	2068.0	2047.0	1874.0	2941.0	2614.0	2514.0	2529.0	2791.0	2696.0	2855.0	2691.0	2649.0	2693.0	2616.0	2630.0	3065.0	3030.0	2818.0	3374.0	
P	2252.0	3247.0	2665.0	2672.0	2634.0	3244.0	2493.0	3303.0	3170.0	3234.0	2982.0	3020.0	3089.0	3489.0	3229.0	3181.0	2992.0	3152.0	2724.0	3105.0	2858.0	3286.0	2959.0	3475.0	

