Testname: Douglas Scientific
Date: 7/16/2018	Time: 8:21:44 PM
ID1: 00890018002017.00320180110.959166
No. of Channels / Multichromatics: 3
No. of Cycles: 1
Configuration: Fluorescence (Triple Em.)



Chromatic / Channel:	FAM
Cycle:	1
	1	2	3	4	5	6	7	8	9	10	11	12	13	14	15	16	17	18	19	20	21	22	23	24
A	19660.0	21961.0	21142.0	20263.0	18018.0	18051.0	17274.0	17479.0	18193.0	17720.0	20942.0	18399.0	5078.0	2358.0	19442.0	18198.0	19482.0	18606.0	20359.0	17674.0	18806.0	18111.0	17957.0	15039.0	
B	18131.0	18860.0	19962.0	19599.0	16906.0	2536.0	17627.0	16551.0	15917.0	15682.0	15917.0	16824.0	2214.0	2328.0	16038.0	16257.0	15574.0	16570.0	15915.0	15857.0	16055.0	18951.0	20764.0	15381.0	
C	1327.0	1405.0	1467.0	992.0	1331.0	907.0	937.0	914.0	738.0	908.0	863.0	1054.0	2912.0	1849.0	1555.0	1063.0	1154.0	1743.0	1325.0	1155.0	1031.0	1354.0	1531.0	1633.0	
D	1359.0	2096.0	1262.0	1103.0	1154.0	846.0	1239.0	1006.0	830.0	1311.0	801.0	941.0	2211.0	1936.0	1001.0	1047.0	1134.0	1195.0	1193.0	1166.0	1203.0	1221.0	1921.0	1483.0	
E	9741.0	10022.0	11336.0	10554.0	5630.0	4849.0	3784.0	4894.0	3740.0	6288.0	6852.0	5255.0	6237.0	5058.0	6437.0	5775.0	4567.0	4762.0	4807.0	6476.0	5384.0	3936.0	5086.0	6075.0	
F	10125.0	11673.0	9697.0	2708.0	4223.0	2521.0	4312.0	3087.0	3681.0	2375.0	5734.0	3581.0	4154.0	2400.0	6463.0	8318.0	4155.0	2496.0	6000.0	2390.0	5217.0	2419.0	4418.0	2385.0	
G	10780.0	10887.0	11457.0	11940.0	4576.0	3839.0	5491.0	5002.0	4431.0	5156.0	5475.0	4152.0	5938.0	3393.0	6359.0	5824.0	4940.0	5125.0	4965.0	4125.0	5975.0	4786.0	4711.0	6208.0	
H	10641.0	12234.0	13893.0	10769.0	3838.0	4498.0	4922.0	6019.0	4814.0	4628.0	4695.0	5658.0	5039.0	4324.0	5021.0	4155.0	5991.0	4374.0	5217.0	4976.0	5523.0	5340.0	3485.0	5462.0	
I	17004.0	16784.0	16433.0	16895.0	4963.0	5235.0	3499.0	4038.0	2276.0	1981.0	2717.0	2137.0	14826.0	14044.0	14282.0	2310.0	15001.0	14642.0	14958.0	14703.0	13493.0	13598.0	14744.0	13809.0	
J	18237.0	17295.0	16696.0	15738.0	7277.0	2448.0	2301.0	4036.0	5429.0	2360.0	2290.0	2347.0	15309.0	14783.0	2202.0	2418.0	14384.0	14796.0	13622.0	15244.0	13764.0	15148.0	15070.0	14214.0	
K	16253.0	14504.0	18036.0	16749.0	15303.0	15322.0	15110.0	14388.0	16268.0	15219.0	12233.0	12474.0	13387.0	12733.0	13810.0	14321.0	12544.0	12242.0	11887.0	10146.0	11739.0	11264.0	11614.0	11815.0	
L	15332.0	15850.0	15765.0	15690.0	15592.0	14886.0	14537.0	13961.0	15944.0	15610.0	10814.0	12533.0	12436.0	12778.0	14424.0	2211.0	10062.0	2500.0	12208.0	2334.0	10888.0	2372.0	10472.0	11078.0	
M	13917.0	13683.0	2390.0	13646.0	3323.0	1826.0	2519.0	1441.0	3856.0	6200.0	5808.0	2018.0	4316.0	5223.0	6417.0	6461.0	5851.0	6037.0	5989.0	7105.0	9700.0	10747.0	2879.0	9302.0	
N	14045.0	15593.0	14165.0	13069.0	2632.0	2399.0	1759.0	2306.0	5126.0	2497.0	6069.0	2364.0	2422.0	2456.0	7495.0	2268.0	7335.0	6346.0	8582.0	6708.0	11541.0	11773.0	9214.0	10483.0	
O	3103.0	2822.0	2840.0	2781.0	2700.0	2626.0	2537.0	2527.0	2478.0	2214.0	2234.0	2209.0	2438.0	2556.0	2557.0	2182.0	2697.0	2700.0	2582.0	2574.0	2613.0	2678.0	2694.0	2689.0	
P	2776.0	2821.0	2891.0	2993.0	2979.0	2923.0	2839.0	2748.0	2792.0	2768.0	2749.0	2811.0	2661.0	2896.0	2518.0	2858.0	2815.0	2894.0	2812.0	2994.0	2647.0	2991.0	2716.0	2723.0	

Chromatic / Channel:	VIC
Cycle:	1
	1	2	3	4	5	6	7	8	9	10	11	12	13	14	15	16	17	18	19	20	21	22	23	24
A	2165.0	2429.0	2337.0	2279.0	2104.0	2318.0	2787.0	2052.0	2143.0	2094.0	2510.0	2614.0	1103.0	895.0	2350.0	2157.0	2806.0	2787.0	2475.0	2404.0	2570.0	2146.0	2196.0	1777.0	
B	1965.0	2043.0	2210.0	2201.0	1963.0	805.0	2123.0	1930.0	2063.0	2123.0	2004.0	2231.0	820.0	850.0	1876.0	1913.0	2593.0	2008.0	1893.0	1855.0	1912.0	2217.0	2507.0	1877.0	
C	9085.0	9113.0	10442.0	10483.0	10876.0	10440.0	10444.0	10094.0	9320.0	9607.0	10176.0	10067.0	860.0	4269.0	8123.0	8661.0	8967.0	8849.0	8381.0	8960.0	10443.0	9706.0	9838.0	10294.0	
D	9685.0	9639.0	11015.0	10795.0	10866.0	10700.0	10865.0	10104.0	10265.0	10391.0	10650.0	10202.0	2174.0	2063.0	9418.0	9093.0	9277.0	9072.0	9050.0	8366.0	9809.0	9616.0	9628.0	9554.0	
E	8985.0	8139.0	9208.0	8886.0	1023.0	933.0	880.0	944.0	839.0	1015.0	2285.0	982.0	2329.0	967.0	9543.0	9374.0	9558.0	9018.0	8294.0	6988.0	7866.0	7799.0	8123.0	8056.0	
F	8477.0	8276.0	9847.0	844.0	909.0	768.0	2206.0	3061.0	1851.0	759.0	2116.0	836.0	1633.0	763.0	10014.0	9377.0	9716.0	803.0	7143.0	761.0	7613.0	795.0	8632.0	746.0	
G	9010.0	8854.0	9245.0	9247.0	10346.0	10013.0	9513.0	9278.0	9048.0	9201.0	9328.0	9957.0	9886.0	10230.0	8513.0	8392.0	7621.0	6372.0	7690.0	8623.0	7711.0	8648.0	8639.0	8672.0	
H	8498.0	9346.0	9220.0	8811.0	10246.0	10352.0	10176.0	9218.0	9021.0	9000.0	9698.0	9973.0	10414.0	10119.0	8273.0	8287.0	7341.0	8460.0	8278.0	8400.0	7877.0	8559.0	8547.0	7773.0	
I	6120.0	6082.0	6128.0	6013.0	951.0	1015.0	838.0	875.0	764.0	2492.0	828.0	1778.0	2968.0	3635.0	4888.0	749.0	4651.0	5291.0	4236.0	4801.0	5742.0	6048.0	5142.0	5372.0	
J	5251.0	6187.0	6247.0	6256.0	3606.0	747.0	1442.0	846.0	968.0	714.0	754.0	721.0	2315.0	3223.0	1558.0	763.0	5311.0	4862.0	5218.0	4622.0	4254.0	4530.0	4999.0	5238.0	
K	4414.0	7407.0	4685.0	5438.0	1990.0	1751.0	1754.0	2174.0	1797.0	1734.0	5551.0	5836.0	6238.0	6616.0	6046.0	5137.0	5340.0	6314.0	4946.0	5658.0	5675.0	5748.0	5909.0	3997.0	
L	6583.0	6805.0	6302.0	6434.0	1720.0	1730.0	1622.0	1555.0	1777.0	1840.0	6178.0	5198.0	5543.0	6026.0	4275.0	704.0	6452.0	783.0	4036.0	735.0	5902.0	733.0	4582.0	3850.0	
M	8352.0	7393.0	737.0	7294.0	9536.0	9110.0	8394.0	9138.0	879.0	1311.0	1163.0	3002.0	2096.0	1274.0	8741.0	8368.0	9420.0	8922.0	9142.0	8171.0	8716.0	9106.0	3639.0	8439.0	
N	8866.0	8742.0	8435.0	9289.0	9775.0	730.0	8618.0	718.0	1367.0	776.0	1040.0	740.0	772.0	771.0	9397.0	733.0	9897.0	8727.0	8575.0	10103.0	9241.0	9524.0	9585.0	10399.0	
O	668.0	637.0	599.0	554.0	585.0	552.0	536.0	515.0	812.0	721.0	716.0	701.0	793.0	830.0	860.0	759.0	959.0	932.0	882.0	897.0	896.0	914.0	922.0	908.0	
P	630.0	895.0	612.0	644.0	620.0	900.0	603.0	852.0	893.0	874.0	888.0	885.0	878.0	941.0	852.0	947.0	981.0	1535.0	985.0	1026.0	902.0	1025.0	898.0	903.0	

Chromatic / Channel:	ROX
Cycle:	1
	1	2	3	4	5	6	7	8	9	10	11	12	13	14	15	16	17	18	19	20	21	22	23	24
A	3169.0	3507.0	3427.0	3157.0	3050.0	2938.0	2926.0	2967.0	3162.0	3007.0	3894.0	3352.0	3350.0	2996.0	3589.0	3319.0	3731.0	3372.0	3633.0	3184.0	3378.0	3197.0	3998.0	3113.0	
B	3025.0	2948.0	3251.0	3157.0	2999.0	2880.0	3002.0	2906.0	2768.0	2759.0	2808.0	2942.0	2768.0	2863.0	2808.0	2857.0	2915.0	2910.0	2936.0	2807.0	2908.0	3364.0	4536.0	3583.0	
C	2912.0	2722.0	3166.0	3164.0	3202.0	3025.0	3097.0	2960.0	2747.0	2846.0	2941.0	2917.0	2792.0	2817.0	2829.0	2894.0	3041.0	3012.0	2924.0	2895.0	3160.0	2938.0	3001.0	3202.0	
D	2925.0	3023.0	3331.0	3271.0	3189.0	3121.0	3174.0	3004.0	2995.0	3033.0	3041.0	2951.0	3023.0	2674.0	2937.0	2944.0	3037.0	3012.0	2978.0	2782.0	3023.0	2935.0	3002.0	2941.0	
E	3075.0	3030.0	3350.0	3256.0	2980.0	2778.0	2757.0	2731.0	2565.0	2604.0	2792.0	2761.0	2980.0	2704.0	3105.0	3039.0	3107.0	2949.0	2986.0	2832.0	2967.0	2835.0	3032.0	3026.0	
F	3001.0	3180.0	3383.0	3057.0	2832.0	2765.0	2945.0	2656.0	2824.0	2668.0	2800.0	2612.0	2884.0	2695.0	3208.0	3102.0	3133.0	2717.0	2949.0	2582.0	2875.0	2688.0	3081.0	2564.0	
G	3152.0	3123.0	3382.0	3474.0	3305.0	3132.0	3146.0	2975.0	3048.0	3143.0	3125.0	3146.0	3290.0	3188.0	3143.0	3097.0	3037.0	2862.0	3051.0	3119.0	3051.0	3066.0	3114.0	3221.0	
H	3187.0	3392.0	3573.0	3302.0	3259.0	3304.0	3224.0	3091.0	3160.0	2954.0	3125.0	3302.0	3324.0	3265.0	3172.0	3113.0	3098.0	3097.0	3112.0	3071.0	3009.0	3111.0	3097.0	3074.0	
I	3279.0	3266.0	3342.0	3407.0	2832.0	2983.0	2682.0	2640.0	2550.0	2713.0	2694.0	2748.0	3045.0	3058.0	2987.0	2599.0	3052.0	3137.0	2981.0	2970.0	3108.0	3101.0	3094.0	2954.0	
J	3253.0	3221.0	3234.0	3218.0	3035.0	2715.0	2724.0	2601.0	2761.0	2573.0	2577.0	2591.0	3026.0	2984.0	2599.0	2682.0	3121.0	3093.0	2929.0	2981.0	2955.0	3044.0	3126.0	2900.0	
K	2980.0	3157.0	3154.0	3197.0	3037.0	3059.0	2904.0	2797.0	2945.0	2980.0	2842.0	3047.0	3028.0	3088.0	3140.0	3046.0	3121.0	3186.0	3023.0	3066.0	3129.0	3043.0	3005.0	2785.0	
L	3039.0	3117.0	3105.0	3196.0	2875.0	2845.0	2772.0	2691.0	2924.0	2940.0	2943.0	2814.0	2995.0	3042.0	2897.0	2460.0	3005.0	2685.0	2939.0	2483.0	2851.0	2536.0	2749.0	2643.0	
M	3283.0	3175.0	2586.0	3141.0	3181.0	3013.0	2882.0	2828.0	2723.0	2757.0	2710.0	2689.0	2780.0	2739.0	3005.0	2852.0	3116.0	3077.0	3058.0	2995.0	3097.0	3203.0	2717.0	2869.0	
N	3437.0	3553.0	3471.0	3556.0	3123.0	2579.0	2878.0	2490.0	2607.0	2780.0	2803.0	2678.0	2789.0	2795.0	3244.0	2577.0	3477.0	3198.0	3327.0	3451.0	3246.0	3487.0	3323.0	3441.0	
O	2798.0	2619.0	2560.0	2447.0	2528.0	2380.0	2304.0	2226.0	2823.0	2472.0	2479.0	2430.0	2847.0	3004.0	3010.0	2591.0	3244.0	3235.0	3054.0	3058.0	3084.0	3148.0	3189.0	3117.0	
P	2605.0	3264.0	2666.0	2819.0	2757.0	3381.0	2609.0	3195.0	3293.0	3249.0	3263.0	3287.0	3259.0	3509.0	3060.0	3396.0	3411.0	3704.0	3485.0	3645.0	3128.0	3548.0	3197.0	3115.0	

