Testname: Douglas Scientific
Date: 7/16/2018	Time: 8:22:12 PM
ID1: 00890018002017.00320180110.959165
No. of Channels / Multichromatics: 3
No. of Cycles: 1
Configuration: Fluorescence (Triple Em.)



Chromatic / Channel:	FAM
Cycle:	1
	1	2	3	4	5	6	7	8	9	10	11	12	13	14	15	16	17	18	19	20	21	22	23	24
A	22323.0	27052.0	22368.0	21816.0	19039.0	21249.0	22250.0	20205.0	19874.0	19641.0	22523.0	22128.0	3250.0	2621.0	17765.0	19513.0	19861.0	17506.0	19459.0	18097.0	19486.0	14703.0	14758.0	10102.0	
B	19536.0	20077.0	19352.0	19459.0	17054.0	2453.0	16334.0	2271.0	16655.0	16248.0	15413.0	17182.0	4028.0	2202.0	15919.0	16489.0	15321.0	15854.0	14864.0	16095.0	15681.0	13286.0	9891.0	10108.0	
C	1100.0	1222.0	1256.0	966.0	751.0	810.0	917.0	936.0	954.0	897.0	844.0	1317.0	4032.0	2389.0	1218.0	1081.0	1032.0	1079.0	972.0	1420.0	1211.0	1226.0	1186.0	1581.0	
D	1168.0	1255.0	1171.0	1016.0	1426.0	976.0	1001.0	1044.0	990.0	905.0	955.0	1074.0	4896.0	2628.0	1396.0	1113.0	1326.0	1069.0	1210.0	1207.0	1195.0	1777.0	1220.0	1308.0	
E	9925.0	11109.0	11075.0	10018.0	5774.0	7112.0	5564.0	3430.0	5726.0	6949.0	4357.0	8175.0	5386.0	6314.0	6307.0	7515.0	3914.0	3206.0	4724.0	6775.0	3958.0	4863.0	3685.0	3990.0	
F	10548.0	10209.0	11910.0	2461.0	2221.0	2508.0	6515.0	5689.0	4485.0	3384.0	6903.0	4629.0	8183.0	2554.0	8883.0	7807.0	4726.0	2383.0	4328.0	2379.0	3959.0	2017.0	2535.0	1879.0	
G	9138.0	11155.0	11384.0	9894.0	4438.0	5639.0	4372.0	4587.0	5679.0	4652.0	4960.0	3915.0	5098.0	5519.0	5332.0	6706.0	5494.0	5098.0	3402.0	4101.0	3532.0	4081.0	4303.0	2793.0	
H	11364.0	11114.0	9685.0	9879.0	6336.0	4307.0	4594.0	4125.0	4634.0	4837.0	4575.0	4207.0	4633.0	5117.0	6707.0	5798.0	4558.0	4556.0	3924.0	5867.0	5028.0	4776.0	3924.0	3475.0	
I	15647.0	16438.0	13962.0	14928.0	4155.0	6054.0	2310.0	2599.0	2418.0	2330.0	4464.0	2325.0	14515.0	14674.0	14855.0	2353.0	13242.0	12636.0	14135.0	14207.0	11739.0	10972.0	10707.0	10343.0	
J	16209.0	16390.0	15769.0	14158.0	4685.0	2289.0	2397.0	2344.0	2374.0	2467.0	2036.0	2383.0	15248.0	15968.0	2393.0	2298.0	13776.0	12254.0	13042.0	13580.0	11026.0	10509.0	10025.0	10624.0	
K	14968.0	16314.0	16196.0	14068.0	16445.0	15169.0	15106.0	15049.0	15352.0	15630.0	13367.0	13729.0	12025.0	12518.0	14325.0	13558.0	10321.0	9479.0	8494.0	9084.0	7900.0	7089.0	8033.0	8045.0	
L	16299.0	17264.0	14457.0	14530.0	14588.0	14089.0	13864.0	14379.0	15491.0	15003.0	12424.0	12549.0	13821.0	12736.0	12417.0	2158.0	9423.0	2117.0	10553.0	2171.0	7344.0	1933.0	8469.0	9290.0	
M	14304.0	12733.0	1841.0	12719.0	1878.0	2485.0	2133.0	2303.0	6122.0	5653.0	5699.0	6352.0	7546.0	7186.0	5704.0	5528.0	7247.0	6778.0	6716.0	6270.0	8379.0	7673.0	2008.0	8187.0	
N	14346.0	16173.0	15279.0	13986.0	4779.0	2462.0	3333.0	2594.0	7105.0	2507.0	4901.0	2421.0	2680.0	2618.0	6838.0	2457.0	7446.0	6526.0	6688.0	8510.0	9865.0	8361.0	8549.0	9262.0	
O	3321.0	2872.0	2809.0	2619.0	2755.0	2603.0	2685.0	2520.0	2686.0	2387.0	2421.0	2286.0	2566.0	2634.0	2550.0	2358.0	2393.0	2496.0	2385.0	2352.0	2420.0	2003.0	2193.0	2444.0	
P	2684.0	2976.0	2865.0	2945.0	2956.0	2983.0	2852.0	2839.0	2881.0	2944.0	2788.0	2831.0	2863.0	2888.0	2755.0	3073.0	2822.0	3054.0	2728.0	2957.0	2436.0	2807.0	2639.0	2391.0	

Chromatic / Channel:	VIC
Cycle:	1
	1	2	3	4	5	6	7	8	9	10	11	12	13	14	15	16	17	18	19	20	21	22	23	24
A	2525.0	3090.0	2538.0	2479.0	2182.0	2840.0	2583.0	2369.0	2438.0	2763.0	2593.0	2724.0	1036.0	894.0	2104.0	2206.0	2355.0	2139.0	2796.0	2135.0	2301.0	1770.0	1910.0	1599.0	
B	2166.0	2234.0	2139.0	2196.0	2096.0	786.0	2172.0	740.0	1921.0	1860.0	1771.0	2250.0	862.0	751.0	2123.0	1847.0	2077.0	1902.0	1709.0	1859.0	1801.0	1598.0	1297.0	1372.0	
C	9766.0	9549.0	9753.0	9448.0	10228.0	10927.0	10744.0	9650.0	9344.0	9209.0	9706.0	9736.0	2077.0	2250.0	8363.0	8652.0	8679.0	7953.0	8209.0	7773.0	9472.0	7028.0	7511.0	7237.0	
D	9870.0	9493.0	9953.0	9688.0	10614.0	10864.0	10305.0	9945.0	9528.0	9696.0	10471.0	10155.0	1539.0	1066.0	8692.0	8959.0	9252.0	9066.0	8367.0	8002.0	9290.0	7455.0	7599.0	6432.0	
E	8303.0	8862.0	8857.0	8239.0	3006.0	1958.0	1036.0	810.0	1872.0	1726.0	946.0	1134.0	2176.0	1017.0	9652.0	9348.0	9498.0	8720.0	7232.0	6679.0	6813.0	5548.0	5117.0	4453.0	
F	8549.0	8305.0	8533.0	762.0	717.0	753.0	2674.0	1836.0	2611.0	820.0	1371.0	2345.0	2151.0	737.0	9187.0	9811.0	9229.0	697.0	6820.0	702.0	6248.0	695.0	5785.0	642.0	
G	8310.0	8493.0	8406.0	8001.0	9488.0	9140.0	9478.0	9882.0	8962.0	9546.0	9662.0	9385.0	9847.0	9326.0	8397.0	7468.0	7552.0	7172.0	7808.0	7884.0	6787.0	5030.0	5540.0	5624.0	
H	8091.0	8578.0	8275.0	8293.0	8311.0	9390.0	9480.0	9307.0	9230.0	9244.0	9789.0	9743.0	10082.0	9896.0	7630.0	7735.0	8070.0	8020.0	7295.0	8265.0	7287.0	5356.0	5104.0	5308.0	
I	7330.0	5534.0	6565.0	5724.0	861.0	1028.0	772.0	1634.0	795.0	762.0	931.0	766.0	2678.0	3096.0	4779.0	698.0	5608.0	5243.0	5124.0	3804.0	4516.0	3335.0	3437.0	3306.0	
J	6415.0	5877.0	5972.0	5162.0	899.0	684.0	777.0	705.0	767.0	720.0	2367.0	688.0	2191.0	2395.0	689.0	670.0	4638.0	4862.0	3921.0	4582.0	4485.0	3630.0	3527.0	2934.0	
K	6748.0	4724.0	5153.0	6482.0	1987.0	1970.0	1687.0	2003.0	1716.0	1749.0	6007.0	4834.0	6294.0	6400.0	4496.0	5073.0	6067.0	5616.0	5666.0	5055.0	4098.0	4934.0	3225.0	2904.0	
L	4994.0	5123.0	6335.0	5481.0	1669.0	1584.0	1643.0	1592.0	1721.0	1798.0	6361.0	5838.0	5778.0	6196.0	4979.0	628.0	5538.0	618.0	4402.0	642.0	3659.0	643.0	2762.0	2286.0	
M	7262.0	8242.0	3522.0	7540.0	9625.0	9009.0	8840.0	8871.0	978.0	2052.0	931.0	983.0	1119.0	1455.0	8106.0	8592.0	7821.0	8579.0	7416.0	8413.0	6065.0	6780.0	739.0	5896.0	
N	8795.0	8671.0	7721.0	7934.0	8959.0	769.0	9493.0	791.0	2029.0	762.0	957.0	726.0	812.0	787.0	9161.0	737.0	8924.0	7902.0	8628.0	8668.0	7806.0	8164.0	6704.0	7165.0	
O	750.0	639.0	589.0	538.0	572.0	539.0	564.0	528.0	826.0	746.0	734.0	698.0	777.0	797.0	778.0	720.0	730.0	779.0	713.0	725.0	823.0	2168.0	811.0	904.0	
P	592.0	969.0	599.0	630.0	623.0	927.0	637.0	884.0	896.0	914.0	853.0	867.0	877.0	888.0	838.0	933.0	869.0	943.0	832.0	887.0	844.0	966.0	1006.0	914.0	

Chromatic / Channel:	ROX
Cycle:	1
	1	2	3	4	5	6	7	8	9	10	11	12	13	14	15	16	17	18	19	20	21	22	23	24
A	3644.0	4470.0	3665.0	3629.0	3358.0	3698.0	3793.0	3621.0	3534.0	3385.0	3995.0	3921.0	3647.0	3170.0	3499.0	3369.0	3524.0	3151.0	3461.0	3264.0	3560.0	3033.0	3810.0	2469.0	
B	3139.0	3135.0	3092.0	3176.0	2921.0	2778.0	2864.0	2575.0	2829.0	2758.0	2637.0	2952.0	2609.0	2581.0	2725.0	2771.0	2685.0	2689.0	2524.0	2810.0	2804.0	2588.0	2650.0	2895.0	
C	2963.0	2854.0	2947.0	2882.0	3022.0	3186.0	3113.0	2813.0	2735.0	2713.0	2822.0	2833.0	2671.0	2546.0	2813.0	2807.0	2816.0	2683.0	2622.0	2723.0	2961.0	2486.0	2565.0	2545.0	
D	2921.0	2866.0	3002.0	2971.0	3091.0	3179.0	3035.0	2903.0	2815.0	2829.0	3019.0	2950.0	2774.0	2545.0	2830.0	2856.0	2970.0	2864.0	2779.0	2741.0	2998.0	2591.0	2625.0	2222.0	
E	2944.0	3024.0	3140.0	3045.0	2793.0	2831.0	2588.0	2478.0	2683.0	2741.0	2819.0	2690.0	2807.0	2690.0	3028.0	2971.0	2922.0	2710.0	2617.0	2728.0	2985.0	2467.0	2471.0	2185.0	
F	3031.0	2967.0	3081.0	2738.0	2503.0	2735.0	2765.0	2585.0	2661.0	2697.0	2778.0	2769.0	2909.0	2677.0	3010.0	3087.0	2876.0	2522.0	2562.0	2508.0	2611.0	2285.0	2408.0	2050.0	
G	2987.0	3057.0	3050.0	3070.0	3028.0	3045.0	2973.0	3052.0	2972.0	2979.0	3063.0	2946.0	3114.0	3061.0	3007.0	2962.0	2773.0	2598.0	2701.0	2830.0	2604.0	2444.0	2407.0	2400.0	
H	3181.0	3170.0	3069.0	2999.0	2902.0	3085.0	3043.0	3013.0	3131.0	2918.0	3055.0	3023.0	3250.0	3151.0	3021.0	2908.0	2920.0	2746.0	2674.0	2984.0	2898.0	2599.0	2498.0	2428.0	
I	3227.0	3140.0	3097.0	3055.0	2567.0	2782.0	2616.0	2691.0	2669.0	2554.0	2740.0	2576.0	3012.0	2962.0	2998.0	2494.0	2822.0	2708.0	2792.0	2716.0	2683.0	2572.0	2500.0	2375.0	
J	3252.0	3079.0	3092.0	2850.0	2645.0	2492.0	2665.0	2528.0	2598.0	2592.0	2670.0	2526.0	3005.0	2928.0	2526.0	2443.0	2798.0	2668.0	2485.0	2738.0	2664.0	2519.0	2438.0	2369.0	
K	3139.0	3062.0	2972.0	2912.0	2909.0	2845.0	2765.0	2882.0	2799.0	2864.0	2898.0	2860.0	2970.0	2951.0	2807.0	2841.0	2769.0	2668.0	2578.0	2673.0	2538.0	2546.0	2501.0	2311.0	
L	2989.0	3018.0	3051.0	2882.0	2850.0	2829.0	2687.0	2642.0	2822.0	2737.0	2943.0	2807.0	2996.0	2950.0	2729.0	2303.0	2654.0	2271.0	2526.0	2330.0	2320.0	2168.0	2339.0	2269.0	
M	3091.0	3199.0	2700.0	3069.0	3231.0	3028.0	2902.0	2859.0	2594.0	2758.0	2499.0	2539.0	2824.0	2804.0	2721.0	2817.0	2751.0	2871.0	2635.0	2818.0	2565.0	2637.0	2386.0	2525.0	
N	3568.0	3557.0	3341.0	3398.0	3328.0	2785.0	3302.0	2861.0	2968.0	2742.0	2812.0	2659.0	2979.0	2884.0	3106.0	2696.0	3057.0	3023.0	2968.0	3107.0	3168.0	3201.0	2937.0	2983.0	
O	3107.0	2597.0	2453.0	2290.0	2455.0	2306.0	2371.0	2227.0	3035.0	2678.0	2683.0	2564.0	2888.0	2952.0	2887.0	2670.0	2735.0	2858.0	2668.0	2639.0	2868.0	2775.0	2663.0	2958.0	
P	2469.0	3431.0	2579.0	2695.0	2715.0	3423.0	2700.0	3291.0	3328.0	3416.0	3177.0	3191.0	3263.0	3278.0	3133.0	3548.0	3291.0	3532.0	3108.0	3320.0	2960.0	3382.0	3370.0	2910.0	

