Testname: Douglas Scientific
Date: 7/16/2018	Time: 8:20:53 PM
ID1: 00890018002017.00320180110.959168
No. of Channels / Multichromatics: 3
No. of Cycles: 1
Configuration: Fluorescence (Triple Em.)



Chromatic / Channel:	FAM
Cycle:	1
	1	2	3	4	5	6	7	8	9	10	11	12	13	14	15	16	17	18	19	20	21	22	23	24
A	781.0	758.0	714.0	715.0	22485.0	26405.0	25490.0	25309.0	24648.0	24861.0	26881.0	27495.0	669.0	5512.0	24207.0	23759.0	23932.0	21256.0	23769.0	21296.0	22828.0	21302.0	22906.0	19410.0	
B	759.0	706.0	680.0	681.0	19212.0	631.0	21353.0	624.0	20469.0	21808.0	19409.0	22090.0	518.0	7215.0	19821.0	19078.0	18844.0	19782.0	17862.0	19932.0	17556.0	20622.0	16134.0	20705.0	
C	683.0	621.0	620.0	619.0	-314.0	-351.0	-355.0	359.0	-321.0	1290.0	748.0	-382.0	6815.0	219.0	-264.0	158.0	-239.0	-246.0	-220.0	-187.0	172.0	956.0	819.0	904.0	
D	680.0	642.0	655.0	611.0	-400.0	-450.0	-315.0	-246.0	-310.0	-204.0	-290.0	-263.0	243.0	389.0	-291.0	-229.0	261.0	-184.0	-286.0	1313.0	673.0	-121.0	-81.0	283.0	
E	700.0	668.0	668.0	653.0	2569.0	7380.0	611.0	10565.0	6775.0	7611.0	11072.0	7823.0	9207.0	6819.0	11433.0	10007.0	3142.0	3071.0	5461.0	2722.0	5793.0	6657.0	7791.0	5172.0	
F	690.0	697.0	676.0	649.0	6412.0	650.0	11293.0	6357.0	5342.0	6798.0	6565.0	6330.0	12422.0	644.0	11269.0	11588.0	7838.0	619.0	4088.0	596.0	5722.0	607.0	3708.0	683.0	
G	669.0	678.0	633.0	638.0	8340.0	6026.0	8899.0	9385.0	8783.0	8526.0	8153.0	9604.0	8189.0	9311.0	7974.0	7302.0	8653.0	10329.0	3085.0	3106.0	2826.0	6513.0	3028.0	4256.0	
H	705.0	659.0	674.0	629.0	9007.0	7207.0	10004.0	8095.0	7648.0	9894.0	7686.0	6617.0	12232.0	10938.0	7352.0	5163.0	8329.0	6341.0	6685.0	7427.0	3758.0	7156.0	6560.0	4447.0	
I	715.0	679.0	670.0	650.0	7521.0	329.0	455.0	598.0	611.0	579.0	5315.0	567.0	20841.0	21581.0	18248.0	585.0	19876.0	17394.0	17911.0	16564.0	15855.0	17308.0	15788.0	16030.0	
J	686.0	698.0	642.0	638.0	11382.0	594.0	590.0	623.0	576.0	605.0	577.0	613.0	21697.0	19592.0	595.0	573.0	18289.0	17583.0	16314.0	14962.0	16174.0	16587.0	16448.0	16217.0	
K	651.0	700.0	645.0	660.0	21854.0	21493.0	22838.0	22030.0	21261.0	20324.0	18274.0	16101.0	15910.0	16597.0	17247.0	17415.0	16664.0	15696.0	13396.0	11776.0	13343.0	14710.0	15745.0	13678.0	
L	648.0	667.0	669.0	665.0	21451.0	20752.0	21555.0	21914.0	21083.0	20439.0	16993.0	17307.0	16816.0	19432.0	17916.0	590.0	17515.0	602.0	13867.0	576.0	13451.0	579.0	11586.0	13844.0	
M	690.0	672.0	622.0	664.0	5822.0	1340.0	3550.0	1506.0	13777.0	14474.0	11136.0	12355.0	12367.0	14581.0	9611.0	11528.0	9454.0	11457.0	6571.0	9362.0	14459.0	15046.0	601.0	15835.0	
N	724.0	698.0	707.0	664.0	3500.0	629.0	4190.0	654.0	11289.0	625.0	12010.0	590.0	621.0	610.0	10172.0	614.0	10428.0	10771.0	9935.0	8045.0	15538.0	16786.0	16895.0	14347.0	
O	600.0	557.0	555.0	540.0	565.0	540.0	572.0	576.0	687.0	611.0	625.0	609.0	663.0	639.0	671.0	603.0	675.0	685.0	675.0	670.0	690.0	667.0	662.0	701.0	
P	550.0	667.0	563.0	571.0	601.0	694.0	604.0	718.0	731.0	700.0	695.0	699.0	748.0	704.0	691.0	675.0	688.0	708.0	743.0	699.0	689.0	702.0	708.0	739.0	

Chromatic / Channel:	VIC
Cycle:	1
	1	2	3	4	5	6	7	8	9	10	11	12	13	14	15	16	17	18	19	20	21	22	23	24
A	895.0	856.0	712.0	721.0	1978.0	2845.0	2267.0	2231.0	2590.0	2244.0	2392.0	3196.0	782.0	968.0	2123.0	2088.0	2401.0	2762.0	2104.0	1961.0	2017.0	1902.0	2058.0	2215.0	
B	761.0	732.0	689.0	670.0	1702.0	624.0	2097.0	613.0	1828.0	1911.0	1740.0	1983.0	564.0	964.0	1727.0	2075.0	1654.0	2748.0	1612.0	1763.0	1563.0	2527.0	1442.0	1916.0	
C	691.0	629.0	618.0	618.0	11859.0	11638.0	11594.0	11143.0	10703.0	10801.0	11012.0	10950.0	923.0	4172.0	11038.0	9714.0	10969.0	10699.0	10503.0	9522.0	9662.0	10209.0	10235.0	11627.0	
D	683.0	652.0	664.0	601.0	11793.0	11946.0	11968.0	11419.0	11702.0	10511.0	11350.0	11073.0	4299.0	2793.0	11327.0	10098.0	11153.0	10138.0	10792.0	9717.0	10506.0	10254.0	10748.0	11208.0	
E	699.0	660.0	683.0	628.0	737.0	4024.0	641.0	1095.0	900.0	1993.0	2441.0	2765.0	2310.0	916.0	11490.0	10647.0	11482.0	9827.0	10414.0	9995.0	9833.0	9226.0	9640.0	10217.0	
F	689.0	714.0	671.0	607.0	4887.0	615.0	3023.0	5656.0	862.0	2293.0	3511.0	3458.0	1177.0	599.0	11303.0	10738.0	11798.0	615.0	9828.0	613.0	10039.0	614.0	9857.0	669.0	
G	679.0	698.0	649.0	656.0	11851.0	11443.0	11958.0	11547.0	11711.0	11841.0	11668.0	11342.0	11049.0	11293.0	10700.0	10537.0	11518.0	9362.0	9714.0	10232.0	10143.0	9680.0	10405.0	10904.0	
H	717.0	655.0	665.0	643.0	11461.0	11452.0	11997.0	11074.0	11210.0	10854.0	11640.0	11538.0	11458.0	10936.0	10520.0	10512.0	11259.0	9722.0	9113.0	8737.0	10274.0	9512.0	9997.0	10171.0	
I	724.0	695.0	679.0	642.0	967.0	3859.0	2050.0	636.0	629.0	596.0	866.0	606.0	3837.0	4740.0	8129.0	524.0	8316.0	7659.0	6064.0	5072.0	5351.0	6137.0	6426.0	5647.0	
J	688.0	670.0	644.0	633.0	2964.0	572.0	604.0	580.0	587.0	552.0	586.0	552.0	2295.0	6310.0	547.0	533.0	6710.0	7454.0	5832.0	7010.0	6966.0	6833.0	5549.0	5615.0	
K	637.0	689.0	662.0	659.0	1861.0	1774.0	1876.0	2134.0	1740.0	2228.0	7577.0	8610.0	9138.0	8829.0	7606.0	6147.0	7750.0	7252.0	8257.0	7015.0	6914.0	6293.0	5595.0	5531.0	
L	632.0	647.0	667.0	629.0	2198.0	1686.0	1745.0	1776.0	1934.0	1764.0	8659.0	7464.0	8761.0	9217.0	5697.0	510.0	7861.0	561.0	6225.0	545.0	6716.0	575.0	6772.0	5998.0	
M	690.0	646.0	584.0	626.0	11719.0	10650.0	11081.0	10984.0	1265.0	1305.0	1089.0	1169.0	1160.0	1324.0	10310.0	10645.0	10244.0	9692.0	9998.0	9526.0	9177.0	9354.0	600.0	8258.0	
N	729.0	683.0	693.0	658.0	11834.0	600.0	11244.0	588.0	1142.0	588.0	4359.0	575.0	586.0	585.0	9933.0	564.0	10606.0	10114.0	9600.0	10587.0	9638.0	10164.0	10436.0	9955.0	
O	469.0	426.0	423.0	361.0	409.0	365.0	411.0	417.0	684.0	564.0	603.0	574.0	637.0	610.0	625.0	572.0	673.0	699.0	688.0	671.0	715.0	697.0	715.0	792.0	
P	416.0	701.0	424.0	420.0	431.0	682.0	475.0	692.0	748.0	688.0	698.0	699.0	749.0	699.0	700.0	662.0	685.0	727.0	772.0	756.0	729.0	744.0	774.0	802.0	

Chromatic / Channel:	ROX
Cycle:	1
	1	2	3	4	5	6	7	8	9	10	11	12	13	14	15	16	17	18	19	20	21	22	23	24
A	3474.0	3578.0	3088.0	3158.0	3365.0	3872.0	3809.0	3709.0	3713.0	3570.0	4033.0	4216.0	3607.0	3423.0	3799.0	3688.0	3730.0	3373.0	3584.0	3269.0	3494.0	3341.0	4044.0	3572.0	
B	3147.0	3043.0	2916.0	2850.0	2828.0	2852.0	3107.0	2849.0	3002.0	3125.0	2842.0	3186.0	2477.0	2943.0	2967.0	3037.0	2917.0	3033.0	2736.0	2985.0	2679.0	3169.0	2863.0	4052.0	
C	3044.0	2810.0	2768.0	2746.0	3352.0	3243.0	3248.0	3146.0	3044.0	3078.0	3161.0	3084.0	2776.0	2807.0	3194.0	2836.0	3175.0	3076.0	3060.0	2783.0	2812.0	2975.0	2969.0	3466.0	
D	3014.0	2914.0	2954.0	2660.0	3288.0	3290.0	3327.0	3176.0	3275.0	2978.0	3185.0	3109.0	2769.0	2901.0	3224.0	2894.0	3170.0	2982.0	3100.0	2859.0	3033.0	2955.0	3054.0	3181.0	
E	3102.0	2946.0	3017.0	2832.0	2867.0	2971.0	2783.0	2837.0	2742.0	2809.0	3093.0	2860.0	2997.0	2822.0	3373.0	3117.0	3279.0	2864.0	3157.0	2953.0	3098.0	2961.0	3120.0	3118.0	
F	3111.0	3154.0	2967.0	2896.0	3132.0	2856.0	3047.0	3077.0	2868.0	3002.0	3016.0	3011.0	2903.0	2842.0	3316.0	3221.0	3394.0	2765.0	3019.0	2694.0	3168.0	2693.0	3092.0	2804.0	
G	3053.0	3105.0	2883.0	2903.0	3405.0	3289.0	3432.0	3350.0	3387.0	3435.0	3397.0	3329.0	3201.0	3291.0	3282.0	3186.0	3526.0	3180.0	2891.0	3071.0	3030.0	3185.0	3094.0	3262.0	
H	3205.0	2939.0	3028.0	2814.0	3374.0	3285.0	3450.0	3203.0	3318.0	3216.0	3384.0	3324.0	3430.0	3327.0	3198.0	3111.0	3420.0	3048.0	2965.0	2882.0	3099.0	3038.0	3115.0	3136.0	
I	3202.0	3062.0	2980.0	2833.0	2924.0	2838.0	2845.0	2799.0	2785.0	2666.0	2905.0	2681.0	3192.0	3393.0	3289.0	2572.0	3455.0	3142.0	3050.0	2822.0	2953.0	3124.0	3123.0	2892.0	
J	3057.0	2983.0	2858.0	2778.0	3011.0	2686.0	2711.0	2759.0	2641.0	2648.0	2646.0	2646.0	3147.0	3352.0	2623.0	2569.0	3105.0	3243.0	2903.0	3000.0	3179.0	3152.0	2972.0	2853.0	
K	2766.0	3061.0	2880.0	2878.0	3179.0	3103.0	3230.0	3193.0	3097.0	2978.0	3145.0	3096.0	3165.0	3127.0	3088.0	2970.0	3224.0	3147.0	3110.0	2964.0	3044.0	3068.0	2901.0	2673.0	
L	2711.0	2841.0	2926.0	2775.0	3105.0	3060.0	3072.0	3168.0	3092.0	2894.0	3255.0	3061.0	3189.0	3496.0	2990.0	2474.0	3338.0	2562.0	2904.0	2455.0	2943.0	2479.0	2828.0	2727.0	
M	2984.0	2862.0	2700.0	2766.0	3378.0	3005.0	3142.0	3115.0	2998.0	3014.0	2715.0	2869.0	2810.0	3127.0	3096.0	3245.0	3104.0	3187.0	2968.0	2987.0	3132.0	3231.0	2491.0	2992.0	
N	3209.0	2979.0	3056.0	2898.0	3378.0	2772.0	3309.0	2782.0	2990.0	2772.0	3143.0	2672.0	2769.0	2758.0	3052.0	2648.0	3281.0	3307.0	3146.0	3238.0	3364.0	3519.0	3569.0	3247.0	
O	3004.0	2623.0	2595.0	2357.0	2572.0	2326.0	2544.0	2578.0	3204.0	2659.0	2849.0	2699.0	2994.0	2882.0	2979.0	2675.0	3088.0	3136.0	3020.0	2905.0	3050.0	2963.0	2944.0	3283.0	
P	2581.0	3219.0	2697.0	2693.0	2811.0	3218.0	2935.0	3310.0	3560.0	3307.0	3317.0	3299.0	3622.0	3339.0	3320.0	3151.0	3150.0	3360.0	3430.0	3340.0	3164.0	3260.0	3246.0	3291.0	

