Testname: Douglas Scientific
Date: 7/16/2018	Time: 8:20:26 PM
ID1: 00890018002017.00320180110.959169
No. of Channels / Multichromatics: 3
No. of Cycles: 1
Configuration: Fluorescence (Triple Em.)



Chromatic / Channel:	FAM
Cycle:	1
	1	2	3	4	5	6	7	8	9	10	11	12	13	14	15	16	17	18	19	20	21	22	23	24
A	744.0	726.0	663.0	671.0	21101.0	23428.0	20033.0	23146.0	21090.0	23258.0	24250.0	24817.0	594.0	9767.0	21340.0	21800.0	20983.0	21640.0	23498.0	22889.0	21824.0	21457.0	23840.0	21482.0	
B	719.0	707.0	658.0	665.0	20582.0	635.0	21696.0	599.0	21136.0	20308.0	19901.0	21024.0	530.0	5049.0	18338.0	17679.0	19096.0	20674.0	19608.0	20106.0	19921.0	20793.0	19028.0	23391.0	
C	644.0	589.0	636.0	617.0	-358.0	-395.0	-368.0	-309.0	135.0	-344.0	-437.0	-438.0	811.0	7013.0	-405.0	-103.0	-534.0	-428.0	-483.0	-354.0	-124.0	-282.0	28.0	-132.0	
D	665.0	624.0	665.0	617.0	472.0	948.0	-416.0	273.0	-427.0	-332.0	-461.0	153.0	198.0	116.0	1453.0	505.0	-359.0	-585.0	-608.0	-445.0	-459.0	-396.0	-494.0	-130.0	
E	682.0	640.0	652.0	645.0	7089.0	8434.0	5487.0	4125.0	10168.0	11035.0	3655.0	10134.0	9936.0	10505.0	9538.0	10566.0	4872.0	1543.0	7875.0	7021.0	6655.0	7202.0	5779.0	7014.0	
F	678.0	656.0	657.0	632.0	9146.0	652.0	9877.0	3459.0	9364.0	3184.0	8769.0	10905.0	4237.0	614.0	8301.0	8063.0	2867.0	644.0	5089.0	650.0	6190.0	599.0	4027.0	659.0	
G	661.0	649.0	629.0	625.0	5507.0	8733.0	6463.0	6799.0	5390.0	5658.0	7478.0	8251.0	6365.0	6693.0	4765.0	7281.0	9290.0	6547.0	6078.0	3796.0	5469.0	4645.0	7213.0	3506.0	
H	666.0	683.0	668.0	635.0	8878.0	4672.0	9322.0	7478.0	6740.0	4648.0	7405.0	8199.0	7564.0	6414.0	6283.0	8957.0	6978.0	8799.0	5505.0	2453.0	6813.0	3339.0	4913.0	8382.0	
I	654.0	684.0	676.0	661.0	429.0	180.0	293.0	594.0	621.0	604.0	257.0	587.0	20300.0	20926.0	16573.0	589.0	17973.0	18345.0	18543.0	18599.0	17052.0	16363.0	15956.0	17617.0	
J	660.0	680.0	662.0	662.0	10453.0	616.0	9925.0	627.0	607.0	618.0	598.0	611.0	20436.0	18769.0	590.0	603.0	18331.0	18209.0	17330.0	17181.0	16876.0	16586.0	16221.0	17592.0	
K	665.0	655.0	641.0	639.0	21966.0	22471.0	21810.0	20804.0	21640.0	22309.0	17092.0	17824.0	16379.0	18698.0	16140.0	18890.0	17167.0	16663.0	15541.0	14260.0	12314.0	14872.0	15034.0	14654.0	
L	654.0	693.0	663.0	651.0	22121.0	19652.0	21441.0	20371.0	21965.0	21648.0	17539.0	16295.0	17661.0	8673.0	18345.0	597.0	14173.0	627.0	13304.0	614.0	14923.0	587.0	14055.0	16680.0	
M	644.0	682.0	151.0	642.0	2766.0	3188.0	2294.0	-262.0	7711.0	5410.0	6235.0	12360.0	6523.0	12952.0	10948.0	5242.0	10271.0	8440.0	9560.0	11191.0	15858.0	14538.0	10636.0	14562.0	
N	709.0	704.0	636.0	636.0	1797.0	641.0	6834.0	647.0	12036.0	679.0	11485.0	632.0	643.0	639.0	10472.0	626.0	11322.0	9853.0	7647.0	7605.0	14502.0	16835.0	16740.0	17453.0	
O	575.0	535.0	540.0	556.0	555.0	541.0	540.0	509.0	666.0	608.0	654.0	652.0	647.0	624.0	625.0	642.0	691.0	650.0	641.0	648.0	655.0	658.0	640.0	696.0	
P	556.0	675.0	497.0	526.0	571.0	699.0	584.0	612.0	701.0	670.0	706.0	696.0	702.0	660.0	620.0	671.0	747.0	747.0	664.0	688.0	684.0	717.0	723.0	771.0	

Chromatic / Channel:	VIC
Cycle:	1
	1	2	3	4	5	6	7	8	9	10	11	12	13	14	15	16	17	18	19	20	21	22	23	24
A	804.0	761.0	680.0	682.0	1857.0	1999.0	2098.0	2986.0	1913.0	2074.0	2523.0	2265.0	710.0	1140.0	1929.0	1991.0	1920.0	4650.0	2170.0	2123.0	2036.0	1971.0	2155.0	1936.0	
B	724.0	677.0	629.0	649.0	1810.0	628.0	1939.0	631.0	1897.0	1806.0	1939.0	2418.0	602.0	841.0	1642.0	1596.0	1708.0	2228.0	1769.0	1822.0	1833.0	1912.0	1694.0	2150.0	
C	662.0	591.0	619.0	639.0	11440.0	12048.0	11520.0	11509.0	10794.0	11184.0	11579.0	10959.0	5138.0	2910.0	10448.0	10322.0	11286.0	11158.0	11615.0	10773.0	11297.0	10955.0	11210.0	13485.0	
D	679.0	632.0	643.0	637.0	11261.0	11321.0	12025.0	11606.0	11272.0	11654.0	11640.0	11557.0	4398.0	5175.0	11281.0	11311.0	12013.0	11884.0	12125.0	11313.0	12019.0	11204.0	11489.0	12337.0	
E	687.0	632.0	646.0	614.0	2602.0	1011.0	883.0	814.0	3144.0	1178.0	3407.0	1127.0	3329.0	1135.0	11294.0	11135.0	11402.0	11256.0	9592.0	10882.0	10596.0	9685.0	10438.0	11565.0	
F	697.0	661.0	644.0	634.0	1058.0	631.0	1112.0	772.0	1108.0	6024.0	1051.0	3806.0	848.0	618.0	11799.0	12053.0	12086.0	649.0	10879.0	669.0	10804.0	629.0	10410.0	644.0	
G	657.0	679.0	632.0	653.0	11745.0	11572.0	12010.0	11641.0	11817.0	12194.0	11526.0	11592.0	11385.0	11767.0	10741.0	10661.0	10346.0	10433.0	11162.0	11513.0	10997.0	10608.0	9592.0	10848.0	
H	700.0	690.0	666.0	659.0	11573.0	11310.0	11879.0	11474.0	11218.0	11765.0	11714.0	11583.0	11947.0	12083.0	10949.0	10804.0	10725.0	10878.0	11199.0	11239.0	10757.0	10921.0	10066.0	9967.0	
I	668.0	710.0	683.0	670.0	2440.0	5173.0	3850.0	659.0	666.0	676.0	4210.0	662.0	4369.0	4539.0	8521.0	623.0	7657.0	6185.0	7381.0	7871.0	6425.0	7021.0	6994.0	6144.0	
J	680.0	670.0	671.0	651.0	3897.0	609.0	1095.0	622.0	661.0	617.0	659.0	628.0	4299.0	4792.0	618.0	597.0	7134.0	6446.0	7941.0	6609.0	7205.0	6434.0	5706.0	6154.0	
K	660.0	672.0	639.0	643.0	2191.0	1876.0	1846.0	1752.0	2090.0	1866.0	8504.0	7846.0	8385.0	7874.0	7386.0	5702.0	6297.0	7289.0	8671.0	8471.0	8890.0	6945.0	5772.0	6590.0	
L	646.0	680.0	655.0	643.0	1832.0	3245.0	1782.0	1682.0	1846.0	2684.0	9153.0	8497.0	8487.0	1029.0	6129.0	605.0	9267.0	625.0	8929.0	614.0	7004.0	562.0	5903.0	6099.0	
M	666.0	679.0	6681.0	660.0	12008.0	11496.0	11777.0	11504.0	3316.0	3198.0	927.0	1256.0	955.0	1414.0	10461.0	11460.0	10943.0	11364.0	10507.0	10665.0	9658.0	9814.0	3729.0	10601.0	
N	720.0	709.0	634.0	631.0	11778.0	651.0	11444.0	627.0	1771.0	677.0	1220.0	631.0	653.0	657.0	10873.0	633.0	11582.0	11376.0	11571.0	11916.0	10369.0	10737.0	10920.0	11981.0	
O	476.0	430.0	384.0	365.0	386.0	381.0	387.0	356.0	689.0	651.0	674.0	664.0	677.0	661.0	681.0	661.0	746.0	722.0	677.0	656.0	690.0	710.0	709.0	781.0	
P	414.0	708.0	384.0	381.0	419.0	717.0	449.0	646.0	749.0	725.0	750.0	750.0	726.0	696.0	680.0	720.0	806.0	811.0	714.0	736.0	734.0	764.0	796.0	855.0	

Chromatic / Channel:	ROX
Cycle:	1
	1	2	3	4	5	6	7	8	9	10	11	12	13	14	15	16	17	18	19	20	21	22	23	24
A	3139.0	3176.0	2798.0	2866.0	3109.0	3405.0	2854.0	3464.0	3052.0	3347.0	3623.0	3706.0	2910.0	2984.0	3315.0	3358.0	3196.0	3565.0	3619.0	3526.0	3440.0	3377.0	4107.0	3902.0	
B	2985.0	2778.0	2568.0	2679.0	3022.0	2792.0	3164.0	2744.0	3083.0	2978.0	2929.0	3108.0	2431.0	2638.0	2815.0	2885.0	2894.0	3100.0	2900.0	3038.0	3018.0	3241.0	3185.0	4545.0	
C	2927.0	2526.0	2716.0	2777.0	3196.0	3343.0	3200.0	3165.0	2970.0	3048.0	3148.0	2961.0	2677.0	2618.0	2905.0	2880.0	3109.0	3140.0	3225.0	2996.0	3157.0	3057.0	3096.0	3722.0	
D	2991.0	2756.0	2809.0	2765.0	3162.0	3183.0	3310.0	3157.0	3065.0	3167.0	3131.0	3110.0	2866.0	2843.0	3095.0	3116.0	3308.0	3263.0	3348.0	3181.0	3310.0	3108.0	3178.0	3364.0	
E	2963.0	2749.0	2796.0	2725.0	3024.0	2886.0	2887.0	2766.0	2976.0	2929.0	2912.0	2890.0	2967.0	2849.0	3246.0	3244.0	3208.0	3099.0	3231.0	3297.0	3339.0	3070.0	3107.0	3392.0	
F	3064.0	2848.0	2838.0	2927.0	3006.0	2913.0	3115.0	2786.0	3087.0	3150.0	2967.0	3119.0	2875.0	2762.0	3348.0	3403.0	3346.0	2918.0	3343.0	3006.0	3342.0	2796.0	3025.0	2813.0	
G	2896.0	2927.0	2761.0	2843.0	3356.0	3456.0	3382.0	3328.0	3292.0	3404.0	3337.0	3361.0	3241.0	3319.0	3196.0	3222.0	3342.0	3244.0	3346.0	3317.0	3289.0	3176.0	3103.0	3078.0	
H	3058.0	3010.0	2944.0	2844.0	3396.0	3261.0	3472.0	3336.0	3249.0	3309.0	3389.0	3353.0	3415.0	3392.0	3313.0	3296.0	3336.0	3462.0	3443.0	3302.0	3298.0	3189.0	3008.0	3087.0	
I	2845.0	3026.0	2956.0	2883.0	2893.0	3112.0	2960.0	2825.0	2852.0	2856.0	2980.0	2812.0	3329.0	3400.0	3369.0	2706.0	3420.0	3374.0	3537.0	3529.0	3307.0	3243.0	3122.0	3061.0	
J	2938.0	2885.0	2903.0	2858.0	3192.0	2800.0	2968.0	2840.0	2829.0	2799.0	2810.0	2843.0	3328.0	3183.0	2778.0	2692.0	3362.0	3349.0	3355.0	3257.0	3294.0	3235.0	2953.0	3028.0	
K	2846.0	2864.0	2773.0	2747.0	3286.0	3343.0	3328.0	3143.0	3257.0	3373.0	3408.0	3422.0	3227.0	3415.0	3231.0	3243.0	3353.0	3392.0	3373.0	3362.0	3230.0	3132.0	2979.0	2907.0	
L	2735.0	2871.0	2854.0	2786.0	3307.0	3216.0	3225.0	3066.0	3304.0	3309.0	3538.0	3303.0	3455.0	3041.0	3278.0	2719.0	3440.0	2803.0	3396.0	2796.0	3231.0	2654.0	2820.0	3104.0	
M	2810.0	2931.0	3011.0	2798.0	3444.0	3293.0	3336.0	3190.0	3117.0	3122.0	2895.0	3106.0	2960.0	3040.0	3263.0	3285.0	3390.0	3439.0	3298.0	3387.0	3334.0	3213.0	3022.0	3309.0	
N	3125.0	3074.0	2711.0	2689.0	3386.0	2926.0	3484.0	2858.0	3180.0	3058.0	3101.0	2823.0	2889.0	2950.0	3439.0	2817.0	3610.0	3626.0	3456.0	3573.0	3333.0	3715.0	3684.0	3974.0	
O	2936.0	2599.0	2453.0	2394.0	2479.0	2404.0	2442.0	2277.0	3014.0	2843.0	3050.0	3018.0	3032.0	2986.0	3014.0	2879.0	3282.0	3195.0	3029.0	2941.0	3033.0	3123.0	3099.0	3481.0	
P	2552.0	3225.0	2420.0	2488.0	2740.0	3314.0	2761.0	2903.0	3408.0	3325.0	3437.0	3414.0	3373.0	3199.0	3033.0	3282.0	3632.0	3636.0	3224.0	3350.0	3297.0	3501.0	3629.0	3827.0	

