Testname: Douglas Scientific
Date: 7/16/2018	Time: 8:19:57 PM
ID1: 00890018002017.00320180110.959170
No. of Channels / Multichromatics: 3
No. of Cycles: 1
Configuration: Fluorescence (Triple Em.)



Chromatic / Channel:	FAM
Cycle:	1
	1	2	3	4	5	6	7	8	9	10	11	12	13	14	15	16	17	18	19	20	21	22	23	24
A	691.0	716.0	698.0	724.0	21358.0	24965.0	25239.0	25884.0	24506.0	28451.0	26634.0	29673.0	606.0	642.0	24333.0	22771.0	22553.0	23655.0	23813.0	20217.0	19927.0	21275.0	24619.0	21638.0	
B	664.0	666.0	664.0	643.0	19415.0	604.0	22106.0	586.0	21422.0	22004.0	22338.0	22323.0	6273.0	3480.0	21206.0	17433.0	19271.0	20116.0	20862.0	23028.0	28009.0	28539.0	23749.0	25901.0	
C	587.0	595.0	622.0	601.0	-546.0	-513.0	-512.0	-290.0	-463.0	-437.0	133.0	-421.0	3758.0	936.0	-489.0	-339.0	-278.0	1099.0	-349.0	279.0	76.0	325.0	-377.0	1204.0	
D	628.0	614.0	660.0	627.0	1148.0	-3.0	-526.0	-586.0	-390.0	-481.0	-415.0	-461.0	5143.0	449.0	-465.0	-392.0	-341.0	-398.0	-405.0	-400.0	-261.0	-758.0	-470.0	903.0	
E	653.0	613.0	642.0	638.0	3632.0	563.0	2580.0	11577.0	6615.0	541.0	5373.0	7927.0	185.0	8970.0	11766.0	10523.0	7082.0	3430.0	6934.0	4313.0	6326.0	6557.0	5952.0	9436.0	
F	642.0	654.0	659.0	641.0	11205.0	630.0	8213.0	12147.0	10426.0	163.0	5093.0	8305.0	4473.0	628.0	10325.0	10885.0	2422.0	631.0	4029.0	644.0	8160.0	650.0	11368.0	691.0	
G	609.0	645.0	626.0	616.0	5938.0	6847.0	4526.0	6627.0	11580.0	6319.0	6910.0	7041.0	9142.0	6327.0	8905.0	6860.0	3043.0	6601.0	4046.0	10206.0	6302.0	11730.0	6131.0	7599.0	
H	649.0	637.0	653.0	608.0	5982.0	7952.0	9267.0	9992.0	7685.0	6921.0	4662.0	5151.0	7261.0	7537.0	3206.0	4488.0	5391.0	8076.0	7213.0	2468.0	6732.0	8900.0	7667.0	2931.0	
I	648.0	672.0	649.0	657.0	5541.0	5894.0	583.0	610.0	365.0	7201.0	603.0	596.0	21355.0	21224.0	18630.0	620.0	17989.0	20136.0	19049.0	20516.0	19641.0	15616.0	20654.0	19799.0	
J	635.0	651.0	663.0	636.0	3692.0	616.0	582.0	595.0	463.0	611.0	605.0	566.0	20775.0	20503.0	633.0	606.0	18801.0	19539.0	20511.0	19343.0	20172.0	20562.0	21018.0	20129.0	
K	596.0	609.0	635.0	619.0	19704.0	22271.0	21194.0	21261.0	20683.0	20902.0	17754.0	17252.0	17628.0	18020.0	19164.0	17195.0	14186.0	15462.0	15791.0	14736.0	16971.0	18602.0	16825.0	16342.0	
L	632.0	652.0	680.0	689.0	21246.0	20529.0	20439.0	20876.0	21626.0	21342.0	18147.0	17545.0	18058.0	16535.0	18347.0	645.0	16188.0	614.0	16455.0	627.0	15177.0	637.0	17474.0	18788.0	
M	628.0	662.0	643.0	727.0	6283.0	79.0	2596.0	4500.0	12271.0	12422.0	4409.0	9988.0	13277.0	5464.0	10000.0	9841.0	11553.0	8966.0	8368.0	7855.0	17052.0	17266.0	5764.0	17589.0	
N	639.0	672.0	672.0	697.0	1399.0	651.0	3782.0	645.0	2344.0	643.0	604.0	629.0	637.0	669.0	9810.0	634.0	11020.0	10245.0	11566.0	13813.0	14043.0	19316.0	18192.0	17852.0	
O	559.0	570.0	608.0	561.0	562.0	543.0	531.0	532.0	661.0	625.0	662.0	652.0	617.0	639.0	687.0	608.0	655.0	589.0	693.0	651.0	697.0	756.0	774.0	685.0	
P	573.0	702.0	598.0	589.0	606.0	711.0	554.0	710.0	691.0	705.0	703.0	669.0	696.0	704.0	700.0	690.0	668.0	669.0	674.0	689.0	688.0	741.0	664.0	794.0	

Chromatic / Channel:	VIC
Cycle:	1
	1	2	3	4	5	6	7	8	9	10	11	12	13	14	15	16	17	18	19	20	21	22	23	24
A	739.0	739.0	701.0	742.0	1963.0	2898.0	2365.0	2457.0	3076.0	3247.0	2464.0	2783.0	752.0	760.0	2205.0	2057.0	3092.0	2584.0	2544.0	1929.0	1823.0	1970.0	2189.0	1905.0	
B	682.0	664.0	669.0	660.0	1948.0	625.0	2069.0	617.0	2482.0	2026.0	2062.0	2065.0	918.0	811.0	1916.0	1593.0	1748.0	2859.0	1925.0	2155.0	2566.0	2611.0	4009.0	2312.0	
C	597.0	595.0	611.0	625.0	12132.0	11476.0	11539.0	11621.0	11700.0	11596.0	11533.0	11674.0	3257.0	763.0	11226.0	10451.0	10784.0	10868.0	10992.0	10765.0	11788.0	12273.0	11885.0	13842.0	
D	624.0	623.0	677.0	657.0	11544.0	11992.0	12127.0	11612.0	11175.0	12382.0	12472.0	12068.0	859.0	2214.0	12112.0	11080.0	10974.0	11281.0	11566.0	11377.0	12652.0	13032.0	12317.0	12568.0	
E	631.0	625.0	652.0	638.0	822.0	619.0	4260.0	1174.0	2393.0	910.0	3073.0	1552.0	4919.0	1328.0	11392.0	11149.0	10814.0	10935.0	11048.0	11196.0	11765.0	11208.0	11457.0	11196.0	
F	645.0	675.0	685.0	633.0	1218.0	623.0	2999.0	1245.0	4230.0	6249.0	893.0	2915.0	2960.0	626.0	12449.0	11839.0	10800.0	624.0	11463.0	654.0	11437.0	677.0	12373.0	657.0	
G	631.0	634.0	643.0	640.0	12303.0	11872.0	11088.0	12030.0	11910.0	11472.0	11394.0	12345.0	11535.0	12231.0	10245.0	11065.0	10654.0	10631.0	11627.0	10846.0	11943.0	10694.0	12375.0	10784.0	
H	658.0	653.0	672.0	624.0	12383.0	11265.0	11994.0	12174.0	11928.0	11799.0	12151.0	12102.0	11910.0	11770.0	11711.0	11214.0	10572.0	10850.0	11060.0	11547.0	11618.0	11032.0	12053.0	11395.0	
I	687.0	670.0	661.0	680.0	918.0	6103.0	642.0	689.0	3093.0	984.0	676.0	681.0	3447.0	4443.0	7751.0	624.0	8000.0	7101.0	7955.0	6632.0	7859.0	10565.0	7135.0	6445.0	
J	665.0	638.0	658.0	633.0	3859.0	611.0	629.0	600.0	1880.0	580.0	655.0	611.0	4257.0	4453.0	614.0	587.0	7339.0	5165.0	7213.0	8160.0	7923.0	7126.0	7161.0	6541.0	
K	588.0	623.0	636.0	610.0	1701.0	1906.0	2019.0	2244.0	1777.0	1757.0	7640.0	9223.0	8718.0	9700.0	6104.0	7748.0	8767.0	8529.0	8684.0	9412.0	6654.0	6528.0	6996.0	7826.0	
L	578.0	628.0	670.0	697.0	3189.0	2131.0	1720.0	2337.0	1826.0	1824.0	9111.0	8727.0	8794.0	9534.0	8189.0	595.0	8520.0	599.0	8888.0	649.0	9849.0	645.0	7351.0	6960.0	
M	629.0	636.0	626.0	713.0	12519.0	11514.0	11367.0	11519.0	2885.0	1244.0	3546.0	2618.0	3170.0	904.0	11193.0	10785.0	9820.0	10660.0	11431.0	11463.0	11164.0	12234.0	9684.0	11144.0	
N	641.0	662.0	654.0	683.0	12073.0	647.0	12151.0	632.0	3494.0	633.0	660.0	620.0	615.0	663.0	11780.0	612.0	11122.0	10402.0	11300.0	11693.0	11474.0	12049.0	12345.0	12096.0	
O	417.0	457.0	449.0	380.0	379.0	376.0	391.0	366.0	683.0	635.0	665.0	650.0	623.0	667.0	689.0	589.0	705.0	647.0	687.0	664.0	758.0	856.0	873.0	745.0	
P	415.0	710.0	438.0	442.0	447.0	728.0	390.0	707.0	693.0	742.0	734.0	704.0	760.0	711.0	691.0	701.0	670.0	688.0	683.0	724.0	722.0	811.0	773.0	808.0	

Chromatic / Channel:	ROX
Cycle:	1
	1	2	3	4	5	6	7	8	9	10	11	12	13	14	15	16	17	18	19	20	21	22	23	24
A	2816.0	2975.0	2951.0	3049.0	3156.0	3732.0	3714.0	3846.0	3711.0	4255.0	4014.0	4467.0	3244.0	3211.0	3782.0	3527.0	3463.0	3551.0	3557.0	2971.0	2852.0	3102.0	4107.0	3516.0	
B	2681.0	2660.0	2750.0	2739.0	2970.0	2754.0	3210.0	2746.0	3161.0	3188.0	3229.0	3253.0	2714.0	2813.0	3159.0	2826.0	2852.0	2998.0	3033.0	3335.0	4205.0	4335.0	4221.0	4564.0	
C	2555.0	2588.0	2677.0	2691.0	3325.0	3206.0	3170.0	3193.0	3187.0	3159.0	3140.0	3173.0	2753.0	2756.0	3108.0	2866.0	2992.0	3041.0	3045.0	2992.0	3306.0	3515.0	3360.0	3963.0	
D	2720.0	2704.0	2928.0	2844.0	3223.0	3266.0	3328.0	3148.0	3066.0	3388.0	3366.0	3255.0	2709.0	2824.0	3279.0	3024.0	3000.0	3125.0	3203.0	3193.0	3518.0	3644.0	3501.0	3517.0	
E	2716.0	2684.0	2755.0	2765.0	2978.0	2681.0	2937.0	2823.0	2883.0	2647.0	2953.0	2937.0	2868.0	2793.0	3273.0	3145.0	3078.0	3033.0	3188.0	3228.0	3610.0	3428.0	3447.0	3405.0	
F	2814.0	2876.0	2973.0	2969.0	3184.0	2880.0	3109.0	3079.0	3285.0	3198.0	2948.0	3095.0	3073.0	2821.0	3529.0	3373.0	2994.0	2763.0	3307.0	2931.0	3503.0	3114.0	3967.0	2999.0	
G	2750.0	2772.0	2806.0	2791.0	3481.0	3392.0	3102.0	3357.0	3496.0	3224.0	3219.0	3433.0	3276.0	3396.0	3298.0	3278.0	3011.0	3220.0	3318.0	3436.0	3570.0	3658.0	3699.0	3219.0	
H	2920.0	2876.0	2932.0	2746.0	3533.0	3299.0	3443.0	3550.0	3426.0	3318.0	3368.0	3352.0	3395.0	3369.0	3365.0	3229.0	3113.0	3282.0	3350.0	3299.0	3505.0	3575.0	3694.0	3212.0	
I	2931.0	2856.0	2860.0	2925.0	3034.0	3301.0	2789.0	3004.0	2935.0	2950.0	2867.0	2905.0	3255.0	3393.0	3421.0	2740.0	3265.0	3384.0	3420.0	3456.0	3745.0	3879.0	3627.0	3247.0	
J	2909.0	2754.0	2888.0	2775.0	3008.0	2865.0	2774.0	2766.0	2789.0	2696.0	2867.0	2643.0	3185.0	3240.0	2806.0	2689.0	3277.0	3153.0	3495.0	3575.0	3669.0	3747.0	3758.0	3310.0	
K	2604.0	2713.0	2788.0	2728.0	3028.0	3261.0	3127.0	3168.0	3069.0	3124.0	3190.0	3385.0	3285.0	3520.0	3234.0	3175.0	3091.0	3331.0	3354.0	3488.0	3471.0	3530.0	3301.0	3132.0	
L	2714.0	2752.0	2907.0	3040.0	3379.0	3128.0	3024.0	3073.0	3140.0	3079.0	3445.0	3242.0	3308.0	3352.0	3366.0	2763.0	3239.0	2742.0	3425.0	2909.0	3677.0	2989.0	3537.0	3244.0	
M	2715.0	2756.0	2935.0	3091.0	3703.0	3173.0	3222.0	3278.0	3134.0	3099.0	2908.0	2918.0	3116.0	2958.0	3308.0	3222.0	3095.0	3168.0	3369.0	3362.0	3666.0	3891.0	3607.0	3505.0	
N	2775.0	2975.0	2912.0	3023.0	3431.0	3081.0	3532.0	2964.0	2935.0	2932.0	2865.0	2872.0	2883.0	3070.0	3505.0	2768.0	3366.0	3476.0	3496.0	3793.0	3616.0	4197.0	4083.0	3972.0	
O	2759.0	2987.0	2920.0	2517.0	2525.0	2557.0	2568.0	2413.0	3182.0	2917.0	3080.0	3039.0	2917.0	3053.0	3141.0	2535.0	3135.0	2861.0	3177.0	3025.0	3475.0	4035.0	4140.0	3436.0	
P	2666.0	3331.0	2855.0	2827.0	2944.0	3519.0	2568.0	3454.0	3294.0	3540.0	3499.0	3376.0	3498.0	3367.0	3210.0	3189.0	3101.0	3182.0	3139.0	3354.0	3372.0	3808.0	3616.0	3720.0	

