Testname: Douglas Scientific
Date: 7/16/2018	Time: 8:19:24 PM
ID1: 00890018002017.00320180110.959171
No. of Channels / Multichromatics: 3
No. of Cycles: 1
Configuration: Fluorescence (Triple Em.)



Chromatic / Channel:	FAM
Cycle:	1
	1	2	3	4	5	6	7	8	9	10	11	12	13	14	15	16	17	18	19	20	21	22	23	24
A	754.0	924.0	804.0	688.0	20369.0	24742.0	24575.0	24639.0	21703.0	22077.0	23529.0	24152.0	1547.0	3871.0	7044.0	8432.0	21343.0	20920.0	22092.0	21292.0	20281.0	18845.0	22973.0	19269.0	
B	686.0	780.0	623.0	597.0	16264.0	560.0	19020.0	538.0	17328.0	17707.0	16652.0	18743.0	484.0	527.0	7265.0	844.0	10940.0	19008.0	18113.0	19003.0	17798.0	18695.0	16193.0	19722.0	
C	606.0	580.0	561.0	474.0	1579.0	2306.0	965.0	2051.0	1417.0	1194.0	1251.0	1336.0	2277.0	489.0	2260.0	926.0	1014.0	988.0	1880.0	2118.0	1419.0	1327.0	1530.0	1822.0	
D	625.0	603.0	597.0	551.0	1484.0	1270.0	1788.0	1390.0	1275.0	1293.0	1472.0	2184.0	1922.0	793.0	706.0	2295.0	1148.0	1175.0	913.0	985.0	1473.0	1367.0	1417.0	1567.0	
E	639.0	616.0	596.0	574.0	2212.0	5823.0	485.0	4966.0	2371.0	4828.0	4113.0	3583.0	3884.0	553.0	13655.0	11743.0	4329.0	6316.0	9416.0	5358.0	9512.0	7067.0	8365.0	6837.0	
F	644.0	623.0	623.0	606.0	1063.0	545.0	7154.0	4792.0	2046.0	4684.0	2554.0	2472.0	4451.0	625.0	12460.0	11131.0	5879.0	607.0	8792.0	603.0	4860.0	563.0	4559.0	530.0	
G	633.0	634.0	593.0	594.0	8290.0	7409.0	8498.0	8505.0	10220.0	11830.0	12289.0	8228.0	10075.0	11395.0	7397.0	8971.0	9287.0	7654.0	8687.0	7116.0	6482.0	7699.0	6745.0	10333.0	
H	656.0	643.0	636.0	601.0	6224.0	2342.0	11351.0	9109.0	9016.0	11509.0	8137.0	8773.0	10073.0	8977.0	9129.0	6516.0	7060.0	5234.0	7804.0	8835.0	6258.0	8461.0	4874.0	5800.0	
I	677.0	682.0	638.0	622.0	437.0	582.0	549.0	555.0	2037.0	568.0	1930.0	548.0	19507.0	18549.0	18699.0	566.0	19792.0	18913.0	19449.0	18007.0	16720.0	16948.0	14623.0	18582.0	
J	665.0	657.0	627.0	614.0	2981.0	586.0	479.0	554.0	498.0	579.0	549.0	564.0	20090.0	18312.0	544.0	575.0	19861.0	20063.0	18669.0	19292.0	16892.0	16432.0	16341.0	18519.0	
K	663.0	637.0	608.0	616.0	20023.0	20010.0	20224.0	18925.0	19514.0	20434.0	17475.0	16534.0	17705.0	18106.0	17473.0	18312.0	15918.0	16235.0	15898.0	13730.0	14177.0	13262.0	12352.0	16031.0	
L	660.0	659.0	613.0	614.0	20990.0	19568.0	19711.0	17222.0	20506.0	20013.0	17779.0	17133.0	17177.0	567.0	17586.0	555.0	17754.0	608.0	13290.0	583.0	13674.0	567.0	12298.0	15326.0	
M	663.0	625.0	467.0	612.0	7931.0	6068.0	5400.0	4464.0	8104.0	7701.0	9003.0	10371.0	13740.0	8306.0	6808.0	6597.0	9092.0	6651.0	9482.0	9187.0	16316.0	17152.0	9485.0	17363.0	
N	647.0	656.0	619.0	673.0	3929.0	585.0	3925.0	544.0	11385.0	519.0	9954.0	528.0	568.0	581.0	5556.0	570.0	6913.0	6784.0	9150.0	8898.0	16372.0	15857.0	16008.0	17763.0	
O	606.0	562.0	516.0	506.0	504.0	493.0	509.0	507.0	613.0	564.0	584.0	538.0	596.0	560.0	632.0	568.0	629.0	607.0	622.0	621.0	591.0	612.0	611.0	692.0	
P	565.0	692.0	559.0	557.0	567.0	649.0	545.0	663.0	650.0	657.0	632.0	637.0	694.0	661.0	669.0	682.0	666.0	745.0	708.0	706.0	658.0	652.0	659.0	735.0	

Chromatic / Channel:	VIC
Cycle:	1
	1	2	3	4	5	6	7	8	9	10	11	12	13	14	15	16	17	18	19	20	21	22	23	24
A	783.0	1001.0	824.0	675.0	2899.0	3285.0	4299.0	4276.0	3615.0	3586.0	3890.0	4151.0	759.0	887.0	1232.0	1380.0	4079.0	4937.0	3501.0	3418.0	3007.0	2968.0	2877.0	2389.0	
B	690.0	833.0	602.0	576.0	2239.0	548.0	3060.0	530.0	3434.0	2862.0	2762.0	3109.0	504.0	538.0	1152.0	623.0	1957.0	2627.0	3372.0	2866.0	2776.0	2872.0	1969.0	2250.0	
C	607.0	571.0	557.0	461.0	9677.0	10043.0	9398.0	9695.0	9918.0	8796.0	9015.0	8674.0	1474.0	1434.0	9307.0	9563.0	10029.0	10187.0	10050.0	8940.0	9094.0	8206.0	8035.0	9186.0	
D	608.0	590.0	598.0	569.0	9953.0	10243.0	9898.0	9714.0	9625.0	9721.0	10309.0	9656.0	982.0	1003.0	9089.0	9776.0	10186.0	10392.0	10304.0	9407.0	9089.0	8713.0	7778.0	8481.0	
E	620.0	584.0	577.0	541.0	650.0	1644.0	461.0	2422.0	659.0	1539.0	809.0	755.0	1360.0	554.0	10622.0	10640.0	10288.0	9926.0	9908.0	9471.0	8787.0	8692.0	7481.0	8624.0	
F	627.0	597.0	609.0	569.0	1841.0	483.0	2843.0	833.0	2017.0	821.0	4020.0	876.0	857.0	559.0	11001.0	10890.0	11067.0	559.0	10049.0	537.0	9222.0	479.0	8365.0	415.0	
G	644.0	620.0	593.0	597.0	9512.0	9029.0	11156.0	10530.0	10185.0	10571.0	10890.0	10068.0	10244.0	11143.0	10130.0	10225.0	10332.0	9910.0	10350.0	9323.0	9618.0	8365.0	8207.0	9370.0	
H	662.0	613.0	615.0	573.0	9748.0	9221.0	11096.0	10684.0	10698.0	10617.0	10574.0	10017.0	10472.0	10579.0	10097.0	10024.0	10061.0	9901.0	9940.0	9646.0	8730.0	8692.0	7926.0	9206.0	
I	662.0	655.0	615.0	599.0	2210.0	603.0	568.0	588.0	2188.0	568.0	1297.0	559.0	3645.0	7410.0	8190.0	516.0	9018.0	8691.0	8430.0	8007.0	7424.0	7404.0	6786.0	7093.0	
J	648.0	617.0	599.0	573.0	727.0	536.0	1968.0	503.0	2027.0	522.0	562.0	527.0	4270.0	6139.0	508.0	501.0	8701.0	8313.0	9124.0	7726.0	8479.0	8212.0	7185.0	6818.0	
K	624.0	592.0	571.0	573.0	3050.0	2843.0	2910.0	2952.0	2712.0	2692.0	9290.0	9557.0	9469.0	10164.0	8908.0	8386.0	10072.0	9486.0	8225.0	8690.0	7329.0	7317.0	7591.0	7484.0	
L	602.0	625.0	590.0	566.0	2924.0	2602.0	2830.0	2537.0	2710.0	3251.0	9043.0	9315.0	9458.0	543.0	8896.0	474.0	9342.0	531.0	10096.0	507.0	7850.0	490.0	6236.0	5896.0	
M	639.0	580.0	396.0	577.0	11304.0	10106.0	10723.0	10106.0	1066.0	3486.0	2780.0	2036.0	1524.0	1089.0	10458.0	10171.0	9968.0	10103.0	10304.0	9986.0	10023.0	9915.0	6290.0	10242.0	
N	606.0	607.0	578.0	609.0	10710.0	511.0	10012.0	483.0	3651.0	446.0	1174.0	486.0	517.0	532.0	10201.0	497.0	9809.0	9160.0	10079.0	9821.0	10239.0	10355.0	10088.0	11297.0	
O	369.0	359.0	296.0	287.0	306.0	298.0	314.0	305.0	584.0	517.0	541.0	494.0	561.0	539.0	591.0	517.0	587.0	552.0	577.0	568.0	546.0	583.0	563.0	673.0	
P	346.0	669.0	340.0	345.0	355.0	607.0	357.0	610.0	623.0	614.0	617.0	608.0	668.0	627.0	623.0	632.0	639.0	672.0	680.0	682.0	622.0	634.0	631.0	699.0	

Chromatic / Channel:	ROX
Cycle:	1
	1	2	3	4	5	6	7	8	9	10	11	12	13	14	15	16	17	18	19	20	21	22	23	24
A	3259.0	4421.0	3815.0	3076.0	3248.0	3992.0	3859.0	3841.0	3376.0	3399.0	3693.0	3818.0	3256.0	3067.0	3124.0	3280.0	3437.0	3397.0	3448.0	3350.0	3129.0	2902.0	3562.0	2912.0	
B	2872.0	3612.0	2646.0	2508.0	2641.0	2594.0	2873.0	2504.0	2690.0	2700.0	2548.0	2843.0	2242.0	2391.0	2479.0	2365.0	2637.0	2928.0	2827.0	2857.0	2690.0	2775.0	2500.0	3297.0	
C	2779.0	2605.0	2539.0	2098.0	2794.0	2876.0	2703.0	2795.0	2881.0	2568.0	2641.0	2559.0	2475.0	2492.0	2749.0	2808.0	2971.0	3021.0	2979.0	2683.0	2685.0	2466.0	2402.0	2698.0	
D	2715.0	2638.0	2681.0	2544.0	2842.0	2888.0	2827.0	2808.0	2775.0	2791.0	2977.0	2788.0	2536.0	2401.0	2681.0	2867.0	2975.0	3027.0	3004.0	2761.0	2679.0	2562.0	2259.0	2417.0	
E	2746.0	2579.0	2561.0	2455.0	2423.0	2468.0	2190.0	2532.0	2453.0	2538.0	2611.0	2506.0	2644.0	2441.0	3143.0	3140.0	3033.0	2926.0	2993.0	2817.0	2748.0	2583.0	2239.0	2462.0	
F	2784.0	2643.0	2711.0	2709.0	2095.0	2315.0	2789.0	2603.0	2649.0	2666.0	2807.0	2624.0	2795.0	2671.0	3228.0	3230.0	3281.0	2650.0	3036.0	2534.0	2754.0	2254.0	2403.0	1948.0	
G	2793.0	2747.0	2644.0	2651.0	2731.0	2681.0	3176.0	3054.0	2959.0	3094.0	3197.0	2938.0	3010.0	3273.0	3006.0	3123.0	3140.0	2981.0	3196.0	2863.0	2876.0	2541.0	2407.0	2733.0	
H	2901.0	2752.0	2798.0	2555.0	2804.0	2681.0	3200.0	3164.0	3121.0	3115.0	3089.0	2945.0	3084.0	3131.0	3051.0	3022.0	3043.0	3068.0	3037.0	2973.0	2631.0	2645.0	2327.0	2673.0	
I	2963.0	2899.0	2719.0	2655.0	2606.0	2684.0	2521.0	2669.0	2724.0	2557.0	2580.0	2507.0	2930.0	3058.0	3076.0	2447.0	3313.0	3193.0	3244.0	2980.0	2846.0	2818.0	2494.0	2867.0	
J	2903.0	2742.0	2668.0	2529.0	2602.0	2565.0	2487.0	2469.0	2635.0	2546.0	2563.0	2551.0	3106.0	3003.0	2405.0	2454.0	3336.0	3262.0	3180.0	3146.0	2989.0	2922.0	2716.0	2935.0	
K	2763.0	2624.0	2514.0	2529.0	2926.0	2919.0	2934.0	2778.0	2865.0	2986.0	3052.0	2996.0	3078.0	3195.0	3043.0	3149.0	3220.0	3217.0	3001.0	2925.0	2833.0	2704.0	2635.0	2767.0	
L	2629.0	2755.0	2605.0	2507.0	3045.0	2843.0	2828.0	2523.0	3000.0	2920.0	3090.0	3006.0	3083.0	2575.0	3220.0	2407.0	3275.0	2558.0	3138.0	2404.0	2838.0	2274.0	2499.0	2551.0	
M	2807.0	2552.0	1830.0	2531.0	3202.0	2886.0	3043.0	2921.0	2677.0	2751.0	2679.0	2534.0	2952.0	2790.0	3110.0	3029.0	3091.0	3075.0	3127.0	3008.0	3030.0	2982.0	2375.0	2997.0	
N	2662.0	2652.0	2584.0	2736.0	3056.0	2448.0	2853.0	2311.0	2866.0	2172.0	2604.0	2310.0	2487.0	2558.0	3053.0	2376.0	3022.0	2982.0	3068.0	2994.0	3100.0	3142.0	3021.0	3341.0	
O	2607.0	2380.0	2050.0	2006.0	2078.0	1995.0	2090.0	2050.0	2803.0	2471.0	2604.0	2373.0	2723.0	2603.0	2784.0	2424.0	2761.0	2633.0	2746.0	2700.0	2524.0	2670.0	2558.0	3124.0	
P	2478.0	3294.0	2406.0	2456.0	2494.0	2991.0	2412.0	3026.0	3053.0	3030.0	2972.0	2975.0	3272.0	3089.0	3033.0	3002.0	3039.0	3244.0	3275.0	3263.0	2961.0	2970.0	2947.0	3182.0	

