Testname: Douglas Scientific
Date: 7/16/2018	Time: 8:18:56 PM
ID1: 00890018002017.00320180110.959172
No. of Channels / Multichromatics: 3
No. of Cycles: 1
Configuration: Fluorescence (Triple Em.)



Chromatic / Channel:	FAM
Cycle:	1
	1	2	3	4	5	6	7	8	9	10	11	12	13	14	15	16	17	18	19	20	21	22	23	24
A	81.0	617.0	649.0	556.0	19171.0	18255.0	20058.0	19005.0	20634.0	18430.0	23178.0	21270.0	599.0	1281.0	12402.0	9918.0	19659.0	19509.0	21467.0	20331.0	20889.0	21086.0	25341.0	19868.0	
B	112.0	629.0	569.0	561.0	17636.0	497.0	16877.0	478.0	15418.0	15544.0	15832.0	17147.0	495.0	468.0	9992.0	1141.0	14310.0	18384.0	18387.0	18206.0	19206.0	18643.0	17117.0	21485.0	
C	121.0	482.0	466.0	467.0	1478.0	1562.0	1483.0	1526.0	1310.0	1270.0	2027.0	1428.0	742.0	1337.0	2022.0	1805.0	2122.0	990.0	1127.0	1261.0	1824.0	1677.0	1808.0	1811.0	
D	124.0	707.0	526.0	501.0	1550.0	1543.0	1449.0	2025.0	1969.0	1521.0	1792.0	1646.0	1236.0	317.0	971.0	3066.0	2229.0	3419.0	1160.0	2217.0	1385.0	1535.0	2425.0	1640.0	
E	116.0	517.0	519.0	532.0	5227.0	2459.0	1256.0	4229.0	2570.0	4567.0	471.0	4587.0	10557.0	4603.0	10142.0	10264.0	5289.0	6494.0	4750.0	7412.0	10978.0	5901.0	9650.0	6786.0	
F	118.0	520.0	505.0	529.0	1785.0	472.0	8161.0	3004.0	4376.0	6441.0	2429.0	3107.0	3902.0	524.0	13226.0	10897.0	3691.0	539.0	9437.0	558.0	8203.0	515.0	9579.0	507.0	
G	121.0	513.0	511.0	512.0	7070.0	5479.0	8674.0	7039.0	10476.0	10268.0	9325.0	8771.0	10869.0	8480.0	6803.0	8060.0	7689.0	8592.0	3488.0	6812.0	8210.0	5826.0	5506.0	6563.0	
H	119.0	496.0	482.0	496.0	7805.0	4241.0	5892.0	6954.0	7282.0	9200.0	9210.0	8511.0	7184.0	9108.0	4582.0	9845.0	8446.0	5682.0	7272.0	8801.0	7831.0	7248.0	6233.0	7462.0	
I	127.0	520.0	506.0	472.0	430.0	3083.0	2466.0	3148.0	449.0	2175.0	507.0	424.0	17472.0	17923.0	15739.0	507.0	15520.0	16929.0	17951.0	17484.0	16855.0	16527.0	16123.0	16052.0	
J	114.0	558.0	480.0	464.0	5785.0	478.0	464.0	468.0	501.0	499.0	490.0	511.0	17952.0	17361.0	494.0	502.0	16807.0	18427.0	18091.0	17383.0	17262.0	17519.0	16946.0	16567.0	
K	115.0	539.0	486.0	505.0	14789.0	16119.0	16439.0	15488.0	16670.0	16491.0	15870.0	15867.0	15804.0	15483.0	15309.0	16691.0	15108.0	14668.0	15985.0	15062.0	14106.0	14802.0	14979.0	14638.0	
L	111.0	560.0	504.0	491.0	15593.0	13868.0	14771.0	14073.0	15345.0	16044.0	16345.0	14960.0	14784.0	505.0	14394.0	513.0	15174.0	536.0	15883.0	555.0	14653.0	528.0	13887.0	14503.0	
M	114.0	528.0	8707.0	495.0	3362.0	4285.0	3526.0	3840.0	7248.0	506.0	8712.0	5570.0	9244.0	14424.0	8072.0	7028.0	5391.0	6810.0	7326.0	9535.0	17573.0	17267.0	556.0	15518.0	
N	128.0	302.0	522.0	527.0	2934.0	473.0	3576.0	502.0	10474.0	521.0	11201.0	493.0	495.0	519.0	7353.0	510.0	7161.0	5919.0	9141.0	7864.0	16393.0	16716.0	17151.0	16747.0	
O	145.0	155.0	433.0	418.0	405.0	423.0	425.0	413.0	510.0	531.0	551.0	549.0	542.0	517.0	524.0	508.0	524.0	577.0	584.0	584.0	599.0	597.0	617.0	619.0	
P	146.0	93.0	449.0	478.0	457.0	622.0	435.0	584.0	554.0	591.0	565.0	630.0	569.0	590.0	588.0	592.0	567.0	626.0	585.0	657.0	603.0	636.0	644.0	715.0	

Chromatic / Channel:	VIC
Cycle:	1
	1	2	3	4	5	6	7	8	9	10	11	12	13	14	15	16	17	18	19	20	21	22	23	24
A	19.0	647.0	702.0	579.0	2781.0	2660.0	3761.0	3528.0	3734.0	3406.0	4230.0	3969.0	684.0	658.0	1759.0	1486.0	4065.0	4985.0	4162.0	4121.0	3774.0	3578.0	3277.0	2597.0	
B	26.0	660.0	513.0	532.0	2508.0	458.0	3518.0	438.0	2736.0	2592.0	2961.0	2911.0	514.0	485.0	1357.0	643.0	2514.0	4073.0	3580.0	3332.0	3383.0	3024.0	2242.0	2608.0	
C	28.0	440.0	436.0	441.0	7737.0	8050.0	7677.0	7702.0	7446.0	7706.0	7857.0	8449.0	1045.0	5161.0	7582.0	8628.0	8316.0	9760.0	8978.0	8898.0	8676.0	8580.0	8511.0	8364.0	
D	27.0	427.0	479.0	471.0	7474.0	8237.0	7967.0	8013.0	7336.0	8240.0	9045.0	9091.0	3255.0	3176.0	7531.0	7954.0	7859.0	9478.0	9505.0	8826.0	8563.0	8233.0	8312.0	7281.0	
E	25.0	460.0	489.0	493.0	3050.0	1937.0	494.0	679.0	1065.0	3699.0	1277.0	3500.0	1215.0	775.0	8578.0	9025.0	8872.0	9402.0	9534.0	9571.0	9841.0	8856.0	8431.0	7492.0	
F	27.0	454.0	478.0	478.0	1520.0	415.0	988.0	608.0	1846.0	891.0	1329.0	1377.0	712.0	472.0	9851.0	9299.0	7734.0	502.0	9849.0	529.0	9150.0	447.0	8856.0	419.0	
G	25.0	460.0	476.0	483.0	7983.0	8084.0	8446.0	8651.0	9055.0	9309.0	9728.0	9403.0	9006.0	9502.0	9521.0	9858.0	9202.0	9710.0	10216.0	9537.0	9509.0	8786.0	8976.0	8919.0	
H	27.0	434.0	441.0	454.0	7763.0	7787.0	8096.0	8319.0	8576.0	9187.0	9075.0	9099.0	8382.0	9268.0	9118.0	9186.0	8778.0	9748.0	9873.0	9433.0	9197.0	8471.0	8343.0	8582.0	
I	28.0	469.0	462.0	428.0	427.0	3497.0	593.0	656.0	1792.0	2100.0	521.0	1955.0	4645.0	4987.0	8465.0	464.0	7738.0	8746.0	7810.0	8243.0	8101.0	7157.0	7769.0	7231.0	
J	27.0	484.0	418.0	433.0	783.0	417.0	454.0	410.0	460.0	429.0	487.0	469.0	4907.0	6809.0	468.0	463.0	8607.0	7842.0	8612.0	8618.0	8332.0	8556.0	7580.0	7143.0	
K	26.0	485.0	447.0	462.0	2177.0	2549.0	2982.0	2272.0	2566.0	2402.0	8762.0	8376.0	8724.0	8763.0	8191.0	8231.0	8193.0	9605.0	9011.0	8247.0	9084.0	8178.0	7978.0	6884.0	
L	24.0	491.0	452.0	440.0	3256.0	3230.0	2845.0	3517.0	3134.0	2916.0	8680.0	7906.0	8514.0	472.0	7345.0	489.0	7617.0	484.0	8684.0	499.0	8758.0	460.0	7372.0	5882.0	
M	25.0	478.0	973.0	452.0	7760.0	7726.0	8346.0	8162.0	5187.0	495.0	2400.0	4409.0	3238.0	1601.0	9394.0	9504.0	8668.0	9705.0	9546.0	10004.0	10031.0	10522.0	484.0	9366.0	
N	29.0	207.0	475.0	474.0	8210.0	429.0	7954.0	441.0	3807.0	463.0	1250.0	442.0	455.0	480.0	8817.0	474.0	8802.0	9326.0	9928.0	9898.0	9846.0	10295.0	10703.0	10034.0	
O	25.0	27.0	231.0	236.0	217.0	236.0	241.0	233.0	481.0	486.0	506.0	512.0	529.0	508.0	506.0	487.0	511.0	574.0	573.0	565.0	547.0	561.0	568.0	583.0	
P	31.0	22.0	257.0	301.0	260.0	581.0	254.0	562.0	561.0	563.0	562.0	605.0	553.0	578.0	571.0	598.0	595.0	654.0	572.0	634.0	560.0	611.0	620.0	694.0	

Chromatic / Channel:	ROX
Cycle:	1
	1	2	3	4	5	6	7	8	9	10	11	12	13	14	15	16	17	18	19	20	21	22	23	24
A	29.0	2634.0	3020.0	2421.0	3044.0	2883.0	3090.0	2853.0	3177.0	2835.0	3577.0	3283.0	2976.0	2572.0	3139.0	2770.0	3133.0	3117.0	3320.0	3167.0	3227.0	3221.0	3989.0	3051.0	
B	42.0	2665.0	2131.0	2127.0	2681.0	2099.0	2568.0	2018.0	2405.0	2400.0	2438.0	2567.0	2131.0	2065.0	2270.0	2112.0	2534.0	2843.0	2762.0	2729.0	2861.0	2758.0	2657.0	3418.0	
C	50.0	1919.0	1882.0	1944.0	2293.0	2344.0	2251.0	2221.0	2159.0	2211.0	2301.0	2393.0	1935.0	2198.0	2241.0	2474.0	2400.0	2812.0	2604.0	2566.0	2503.0	2483.0	2416.0	2430.0	
D	55.0	1599.0	2057.0	2048.0	2197.0	2388.0	2306.0	2310.0	2149.0	2365.0	2597.0	2579.0	2129.0	2145.0	2185.0	2311.0	2288.0	2735.0	2718.0	2539.0	2437.0	2359.0	2357.0	2062.0	
E	47.0	1977.0	2048.0	2188.0	2226.0	2096.0	1939.0	1934.0	2017.0	2278.0	2097.0	2350.0	2257.0	2126.0	2490.0	2599.0	2556.0	2698.0	2715.0	2769.0	2852.0	2544.0	2428.0	2145.0	
F	50.0	1958.0	2073.0	2266.0	2105.0	1979.0	2149.0	1983.0	2139.0	2326.0	2313.0	2279.0	2170.0	2191.0	2845.0	2697.0	2273.0	2321.0	2888.0	2436.0	2668.0	2046.0	2532.0	1912.0	
G	47.0	2018.0	2066.0	2137.0	2390.0	2382.0	2494.0	2489.0	2623.0	2673.0	2784.0	2688.0	2632.0	2720.0	2737.0	2840.0	2660.0	2848.0	2914.0	2772.0	2755.0	2534.0	2519.0	2538.0	
H	47.0	1934.0	1965.0	2028.0	2335.0	2317.0	2382.0	2431.0	2489.0	2655.0	2634.0	2616.0	2607.0	2681.0	2640.0	2728.0	2582.0	2855.0	2919.0	2788.0	2686.0	2469.0	2405.0	2494.0	
I	49.0	2037.0	2006.0	1890.0	1909.0	2140.0	2132.0	2124.0	2202.0	2180.0	2254.0	2263.0	2657.0	2750.0	2738.0	2136.0	2624.0	2943.0	2979.0	2889.0	2814.0	2618.0	2662.0	2542.0	
J	45.0	2082.0	1855.0	1868.0	2061.0	2012.0	2022.0	1927.0	2076.0	2059.0	2202.0	2200.0	2723.0	2769.0	2190.0	2177.0	2838.0	3039.0	3051.0	2930.0	2894.0	2912.0	2708.0	2581.0	
K	46.0	2072.0	1907.0	2015.0	2251.0	2395.0	2442.0	2255.0	2423.0	2407.0	2723.0	2671.0	2700.0	2697.0	2718.0	2863.0	2803.0	3053.0	2931.0	2915.0	2927.0	2701.0	2652.0	2451.0	
L	47.0	2127.0	1964.0	1912.0	2403.0	2158.0	2238.0	2180.0	2301.0	2350.0	2752.0	2547.0	2616.0	2186.0	2519.0	2259.0	2665.0	2285.0	3010.0	2359.0	2865.0	2187.0	2484.0	2402.0	
M	46.0	2040.0	2216.0	1972.0	2299.0	2281.0	2432.0	2361.0	2415.0	2162.0	2397.0	2412.0	2465.0	2578.0	2726.0	2785.0	2574.0	2867.0	2817.0	2969.0	3062.0	3097.0	2310.0	2699.0	
N	50.0	735.0	2052.0	2066.0	2426.0	2003.0	2369.0	2057.0	2349.0	2170.0	2367.0	2035.0	2093.0	2213.0	2598.0	2186.0	2646.0	2795.0	2988.0	2964.0	2945.0	3075.0	3181.0	2941.0	
O	47.0	52.0	1599.0	1599.0	1471.0	1587.0	1618.0	1558.0	2243.0	2268.0	2384.0	2387.0	2423.0	2353.0	2345.0	2261.0	2410.0	2677.0	2686.0	2614.0	2527.0	2566.0	2589.0	2669.0	
P	98.0	36.0	1804.0	2053.0	1825.0	2829.0	1749.0	2688.0	2651.0	2668.0	2646.0	2865.0	2602.0	2716.0	2660.0	2743.0	2735.0	3031.0	2673.0	2973.0	2631.0	2882.0	2915.0	3232.0	

