Testname: Douglas Scientific
Date: 7/16/2018	Time: 8:18:28 PM
ID1: 00890018002017.00320180110.959173
No. of Channels / Multichromatics: 3
No. of Cycles: 1
Configuration: Fluorescence (Triple Em.)



Chromatic / Channel:	FAM
Cycle:	1
	1	2	3	4	5	6	7	8	9	10	11	12	13	14	15	16	17	18	19	20	21	22	23	24
A	777.0	811.0	757.0	612.0	22677.0	24648.0	26632.0	25903.0	24784.0	23749.0	29040.0	24245.0	665.0	608.0	12796.0	10372.0	23770.0	18892.0	23862.0	21559.0	22520.0	21679.0	28459.0	22026.0	
B	739.0	610.0	693.0	651.0	17142.0	614.0	20104.0	626.0	19400.0	19280.0	20192.0	20485.0	551.0	1853.0	11565.0	1108.0	14541.0	19257.0	18079.0	18952.0	18835.0	19890.0	18407.0	21488.0	
C	612.0	555.0	569.0	581.0	1736.0	1714.0	1577.0	1790.0	1496.0	1419.0	1585.0	1674.0	415.0	1948.0	1660.0	1977.0	872.0	1020.0	1010.0	1750.0	1218.0	2235.0	1155.0	1680.0	
D	536.0	588.0	561.0	559.0	1824.0	1604.0	1701.0	2121.0	1573.0	2415.0	1592.0	1403.0	459.0	1663.0	925.0	2927.0	833.0	696.0	733.0	1689.0	2306.0	1924.0	1504.0	1504.0	
E	403.0	597.0	525.0	581.0	4706.0	2844.0	2294.0	7000.0	1567.0	1928.0	3550.0	3703.0	3489.0	5051.0	11192.0	13576.0	3917.0	4867.0	11498.0	6222.0	5739.0	6876.0	6941.0	8182.0	
F	590.0	599.0	614.0	576.0	2473.0	584.0	6100.0	6167.0	3214.0	579.0	4304.0	4243.0	1685.0	570.0	13646.0	13389.0	6418.0	596.0	11191.0	565.0	5662.0	583.0	10681.0	573.0	
G	533.0	608.0	529.0	588.0	6807.0	6703.0	10204.0	6522.0	8180.0	7370.0	9363.0	7277.0	8146.0	10746.0	9637.0	10050.0	7051.0	7475.0	9214.0	4568.0	9164.0	4522.0	7476.0	9221.0	
H	586.0	626.0	590.0	584.0	8009.0	4606.0	8687.0	8244.0	8167.0	8913.0	7814.0	11188.0	10914.0	10139.0	9923.0	7935.0	7356.0	7676.0	8634.0	6029.0	7572.0	6965.0	6180.0	6759.0	
I	559.0	417.0	567.0	576.0	434.0	427.0	522.0	522.0	1983.0	535.0	573.0	541.0	20045.0	20674.0	19094.0	589.0	20485.0	19539.0	18022.0	19056.0	17352.0	18649.0	16741.0	16154.0	
J	617.0	577.0	651.0	587.0	2520.0	542.0	2171.0	533.0	538.0	575.0	2637.0	589.0	19897.0	19013.0	583.0	575.0	19662.0	20276.0	18769.0	19131.0	18036.0	17501.0	16914.0	15858.0	
K	615.0	590.0	639.0	561.0	19585.0	19549.0	16691.0	18469.0	20478.0	21175.0	16786.0	18880.0	18263.0	17105.0	16142.0	18013.0	16443.0	16375.0	15947.0	15356.0	14228.0	14929.0	14132.0	15275.0	
L	579.0	640.0	578.0	575.0	18756.0	18695.0	18550.0	18686.0	20529.0	20019.0	19197.0	17834.0	19077.0	591.0	18362.0	560.0	16322.0	599.0	14814.0	599.0	13888.0	572.0	13314.0	14802.0	
M	601.0	689.0	575.0	604.0	6127.0	4980.0	2308.0	3195.0	12948.0	7657.0	10118.0	11264.0	8754.0	14577.0	9116.0	7036.0	5364.0	6229.0	7389.0	8399.0	15571.0	14911.0	6574.0	19604.0	
N	691.0	671.0	613.0	586.0	5847.0	624.0	2385.0	578.0	4185.0	585.0	1809.0	565.0	605.0	563.0	7779.0	588.0	9910.0	7168.0	9089.0	8498.0	17876.0	15481.0	19310.0	17759.0	
O	621.0	515.0	497.0	483.0	472.0	496.0	494.0	477.0	614.0	578.0	597.0	574.0	599.0	592.0	619.0	582.0	628.0	632.0	630.0	558.0	594.0	628.0	642.0	551.0	
P	557.0	754.0	581.0	565.0	546.0	698.0	522.0	683.0	630.0	663.0	647.0	656.0	575.0	610.0	649.0	655.0	638.0	715.0	630.0	682.0	640.0	684.0	703.0	662.0	

Chromatic / Channel:	VIC
Cycle:	1
	1	2	3	4	5	6	7	8	9	10	11	12	13	14	15	16	17	18	19	20	21	22	23	24
A	786.0	796.0	677.0	577.0	3255.0	3456.0	4816.0	4505.0	4427.0	4064.0	5081.0	4094.0	716.0	656.0	1765.0	1486.0	4171.0	3478.0	4028.0	3812.0	3546.0	3408.0	3694.0	2768.0	
B	713.0	545.0	623.0	572.0	3387.0	592.0	3537.0	588.0	3390.0	2943.0	3412.0	3419.0	549.0	656.0	1537.0	641.0	2770.0	3552.0	4172.0	2963.0	2867.0	3434.0	2189.0	2464.0	
C	577.0	495.0	509.0	530.0	10303.0	10905.0	10111.0	10696.0	9340.0	10264.0	10153.0	10568.0	3702.0	1672.0	9490.0	9936.0	9661.0	10251.0	9010.0	9497.0	10478.0	9701.0	10297.0	11403.0	
D	488.0	513.0	512.0	527.0	9810.0	11053.0	10560.0	10530.0	10034.0	10355.0	10259.0	10590.0	2948.0	1549.0	9942.0	10009.0	9826.0	9910.0	9717.0	9253.0	10381.0	9959.0	10190.0	10192.0	
E	330.0	536.0	472.0	517.0	865.0	3483.0	2984.0	995.0	596.0	902.0	1515.0	2278.0	3404.0	831.0	10109.0	10738.0	10200.0	10205.0	9754.0	9146.0	9496.0	9183.0	9945.0	10266.0	
F	503.0	581.0	537.0	505.0	659.0	513.0	935.0	2201.0	784.0	516.0	801.0	787.0	2160.0	507.0	11451.0	10975.0	10923.0	510.0	10668.0	490.0	9648.0	491.0	10070.0	492.0	
G	483.0	537.0	478.0	556.0	10479.0	10891.0	10401.0	9599.0	9973.0	10564.0	10919.0	10852.0	10298.0	11225.0	10801.0	10946.0	10634.0	10493.0	9935.0	10297.0	9733.0	10212.0	9843.0	10338.0	
H	513.0	542.0	544.0	544.0	10282.0	10553.0	9228.0	9936.0	9875.0	10017.0	10685.0	11025.0	11153.0	10798.0	11098.0	10881.0	11119.0	10874.0	10483.0	10635.0	9663.0	10367.0	9671.0	10380.0	
I	473.0	362.0	494.0	520.0	2784.0	2636.0	480.0	513.0	1360.0	519.0	548.0	1530.0	5447.0	4918.0	8507.0	532.0	9259.0	8920.0	10297.0	8673.0	9153.0	6849.0	8076.0	8184.0	
J	544.0	481.0	573.0	506.0	3698.0	483.0	632.0	445.0	499.0	488.0	667.0	508.0	5430.0	5108.0	507.0	532.0	8179.0	8937.0	10570.0	9128.0	8645.0	8341.0	7474.0	8622.0	
K	526.0	508.0	550.0	489.0	2722.0	2839.0	2848.0	2637.0	2809.0	2930.0	9912.0	9990.0	9519.0	10392.0	8515.0	7618.0	9683.0	9861.0	10140.0	9053.0	8349.0	8157.0	8628.0	8869.0	
L	485.0	520.0	496.0	494.0	2681.0	2638.0	2576.0	2592.0	2887.0	2881.0	9062.0	9804.0	10200.0	509.0	5843.0	495.0	8220.0	526.0	9467.0	518.0	9823.0	471.0	8064.0	8501.0	
M	529.0	609.0	473.0	521.0	10282.0	10183.0	10022.0	10269.0	3087.0	6950.0	1169.0	1270.0	1092.0	1580.0	10271.0	10486.0	10566.0	10526.0	10707.0	10072.0	11199.0	10793.0	4113.0	11959.0	
N	625.0	576.0	520.0	510.0	10621.0	504.0	10266.0	484.0	5066.0	498.0	646.0	486.0	530.0	498.0	10348.0	515.0	10959.0	10934.0	11120.0	10099.0	11116.0	10771.0	12046.0	13110.0	
O	414.0	323.0	281.0	255.0	264.0	281.0	293.0	273.0	548.0	512.0	514.0	503.0	530.0	531.0	577.0	523.0	571.0	579.0	556.0	526.0	516.0	582.0	601.0	576.0	
P	368.0	709.0	346.0	362.0	324.0	650.0	340.0	626.0	611.0	627.0	604.0	614.0	557.0	576.0	628.0	608.0	591.0	646.0	587.0	653.0	609.0	672.0	693.0	652.0	

Chromatic / Channel:	ROX
Cycle:	1
	1	2	3	4	5	6	7	8	9	10	11	12	13	14	15	16	17	18	19	20	21	22	23	24
A	3349.0	3587.0	3144.0	2542.0	3687.0	4079.0	4173.0	4087.0	3939.0	3752.0	4689.0	3855.0	3443.0	3185.0	3714.0	3095.0	3800.0	3014.0	3732.0	3375.0	3546.0	3448.0	4792.0	3656.0	
B	3025.0	2338.0	2629.0	2515.0	2923.0	2837.0	3151.0	2816.0	3035.0	3018.0	3094.0	3155.0	2605.0	2693.0	2844.0	2494.0	2847.0	2985.0	2867.0	2907.0	2801.0	3040.0	3257.0	4010.0	
C	2584.0	2278.0	2310.0	2392.0	3022.0	3198.0	3000.0	3136.0	2767.0	2995.0	2937.0	3058.0	2666.0	2595.0	2783.0	2921.0	2811.0	2956.0	2659.0	2760.0	3051.0	2787.0	2979.0	3366.0	
D	2283.0	2366.0	2366.0	2417.0	2897.0	3249.0	3100.0	3074.0	2908.0	2997.0	2968.0	3042.0	2655.0	2417.0	2883.0	2913.0	2821.0	2860.0	2786.0	2675.0	2986.0	2862.0	2932.0	2946.0	
E	1482.0	2455.0	2173.0	2413.0	2762.0	2778.0	2724.0	2710.0	2524.0	2651.0	2689.0	2634.0	2693.0	2522.0	2964.0	3126.0	2924.0	2928.0	2843.0	2637.0	2747.0	2672.0	2873.0	2949.0	
F	2284.0	2659.0	2508.0	2583.0	2660.0	2625.0	2797.0	2608.0	2619.0	2570.0	2704.0	2609.0	2640.0	2568.0	3335.0	3218.0	3167.0	2598.0	3100.0	2382.0	2772.0	2454.0	2911.0	2447.0	
G	2233.0	2501.0	2240.0	2599.0	3076.0	3194.0	3079.0	2832.0	2912.0	3062.0	3158.0	3130.0	2996.0	3295.0	3215.0	3254.0	3113.0	3087.0	2853.0	2939.0	2917.0	2869.0	2776.0	2993.0	
H	2419.0	2645.0	2564.0	2542.0	3067.0	3152.0	2766.0	2975.0	2930.0	2948.0	3117.0	3232.0	3270.0	3200.0	3285.0	3243.0	3321.0	3220.0	3065.0	3108.0	2800.0	2972.0	2767.0	2911.0	
I	2183.0	1673.0	2314.0	2460.0	2708.0	2659.0	2497.0	2520.0	2392.0	2491.0	2621.0	2742.0	3125.0	3238.0	3293.0	2681.0	3474.0	3326.0	3145.0	3137.0	3152.0	2852.0	2780.0	2633.0	
J	2561.0	2269.0	2711.0	2401.0	2717.0	2568.0	2618.0	2405.0	2461.0	2555.0	2692.0	2636.0	3150.0	3020.0	2664.0	2723.0	3280.0	3451.0	3245.0	3273.0	3090.0	2879.0	2671.0	2622.0	
K	2495.0	2499.0	2628.0	2354.0	2962.0	2961.0	2556.0	2773.0	3026.0	3136.0	3113.0	3283.0	3175.0	3273.0	3196.0	3194.0	3404.0	3383.0	3135.0	3111.0	3057.0	2919.0	2712.0	2777.0	
L	2336.0	2576.0	2419.0	2338.0	2836.0	2862.0	2797.0	2843.0	3038.0	2977.0	3251.0	3183.0	3347.0	2654.0	3101.0	2556.0	3286.0	2683.0	2989.0	2576.0	3203.0	2253.0	2688.0	2649.0	
M	2471.0	2902.0	2463.0	2448.0	3051.0	3025.0	2978.0	3022.0	2820.0	3055.0	2684.0	2740.0	2848.0	2826.0	3143.0	3151.0	3242.0	3179.0	3202.0	2998.0	3344.0	3131.0	2531.0	3389.0	
N	2911.0	2701.0	2458.0	2380.0	3163.0	2558.0	3071.0	2497.0	2821.0	2563.0	2673.0	2484.0	2723.0	2595.0	3174.0	2679.0	3388.0	3383.0	3368.0	3212.0	3391.0	3189.0	3595.0	3753.0	
O	2920.0	2252.0	2048.0	1873.0	1938.0	2070.0	2146.0	2013.0	2786.0	2598.0	2674.0	2609.0	2725.0	2789.0	2988.0	2749.0	2991.0	2956.0	2876.0	2591.0	2617.0	2878.0	3013.0	2815.0	
P	2575.0	3563.0	2552.0	2539.0	2402.0	3354.0	2451.0	3230.0	3066.0	3252.0	3063.0	3129.0	2746.0	2988.0	3289.0	3187.0	3048.0	3360.0	3037.0	3366.0	3158.0	3520.0	3625.0	3371.0	

