Testname: Douglas Scientific
Date: 7/16/2018	Time: 8:29:40 PM
ID1: 00890018002017.00320180110.959149
No. of Channels / Multichromatics: 3
No. of Cycles: 1
Configuration: Fluorescence (Triple Em.)



Chromatic / Channel:	FAM
Cycle:	1
	1	2	3	4	5	6	7	8	9	10	11	12	13	14	15	16	17	18	19	20	21	22	23	24
A	25555.0	27175.0	28586.0	28892.0	27152.0	26177.0	25784.0	24577.0	24641.0	24397.0	26187.0	24498.0	5363.0	705.0	26463.0	26186.0	25977.0	26124.0	28612.0	28734.0	31490.0	28838.0	31563.0	24315.0	
B	28225.0	31871.0	31480.0	24018.0	22409.0	663.0	21785.0	20216.0	22094.0	20865.0	19804.0	21405.0	2097.0	6736.0	22441.0	21318.0	21125.0	22448.0	21254.0	24787.0	24140.0	25235.0	23493.0	28005.0	
C	1382.0	1655.0	1516.0	1601.0	1292.0	1311.0	2776.0	2164.0	1252.0	1186.0	1275.0	1259.0	3081.0	7432.0	487.0	261.0	410.0	271.0	477.0	403.0	809.0	972.0	1212.0	1574.0	
D	2643.0	1563.0	1550.0	1324.0	1438.0	1451.0	1656.0	1233.0	1117.0	986.0	1871.0	1202.0	7937.0	204.0	904.0	721.0	748.0	491.0	543.0	610.0	839.0	1275.0	924.0	1636.0	
E	18663.0	18154.0	17397.0	17918.0	13385.0	13243.0	9194.0	11251.0	15111.0	7833.0	12997.0	11126.0	14130.0	8858.0	14227.0	15126.0	8689.0	11443.0	11276.0	10024.0	10443.0	7968.0	11706.0	11546.0	
F	15829.0	18522.0	17811.0	640.0	13766.0	11311.0	7870.0	10815.0	8727.0	671.0	9044.0	10360.0	13512.0	636.0	13370.0	15557.0	5547.0	634.0	12638.0	665.0	11830.0	640.0	11229.0	622.0	
G	18502.0	18851.0	17603.0	17129.0	11865.0	10317.0	11862.0	13401.0	11817.0	9866.0	8683.0	9188.0	12842.0	13213.0	8585.0	12532.0	12371.0	11293.0	13462.0	12061.0	9275.0	7901.0	9238.0	7973.0	
H	19643.0	19097.0	17004.0	17244.0	12757.0	11936.0	8090.0	13163.0	11806.0	9979.0	10225.0	11656.0	13642.0	12257.0	8137.0	9764.0	10577.0	12021.0	11324.0	12063.0	11019.0	9595.0	9043.0	6755.0	
I	22110.0	21015.0	21058.0	20877.0	12667.0	16784.0	216.0	11804.0	124.0	618.0	606.0	615.0	21606.0	21848.0	20713.0	596.0	19254.0	19341.0	17779.0	19332.0	19501.0	18971.0	19362.0	20982.0	
J	22581.0	18408.0	18890.0	19865.0	8933.0	634.0	8726.0	284.0	4547.0	651.0	605.0	144.0	22923.0	21862.0	631.0	604.0	19117.0	20020.0	19029.0	20874.0	20387.0	20156.0	21093.0	21657.0	
K	21694.0	23159.0	22393.0	21140.0	21606.0	22376.0	22715.0	22507.0	21837.0	22595.0	20206.0	18438.0	20542.0	21412.0	21939.0	21695.0	18462.0	18695.0	17686.0	18753.0	19799.0	20345.0	19028.0	20447.0	
L	20558.0	23152.0	21293.0	20875.0	22009.0	22853.0	22970.0	22338.0	22405.0	22687.0	21026.0	20638.0	21226.0	21997.0	19511.0	655.0	17590.0	619.0	19487.0	648.0	19814.0	645.0	18484.0	20315.0	
M	19934.0	21857.0	680.0	20378.0	7497.0	4460.0	7038.0	9761.0	15483.0	18101.0	12969.0	17930.0	7518.0	9317.0	16071.0	14879.0	16036.0	14919.0	15271.0	14501.0	19389.0	18975.0	622.0	21473.0	
N	19663.0	20762.0	19060.0	21341.0	4240.0	5983.0	4995.0	7481.0	19725.0	676.0	19306.0	659.0	11872.0	705.0	15735.0	676.0	16643.0	13852.0	17066.0	16681.0	20097.0	22683.0	19943.0	21381.0	
O	711.0	680.0	650.0	638.0	637.0	635.0	620.0	612.0	706.0	608.0	653.0	651.0	676.0	680.0	655.0	680.0	721.0	650.0	667.0	674.0	753.0	712.0	682.0	759.0	
P	675.0	698.0	678.0	670.0	679.0	688.0	648.0	756.0	684.0	740.0	722.0	739.0	767.0	730.0	690.0	790.0	741.0	781.0	728.0	798.0	776.0	397.0	719.0	794.0	

Chromatic / Channel:	VIC
Cycle:	1
	1	2	3	4	5	6	7	8	9	10	11	12	13	14	15	16	17	18	19	20	21	22	23	24
A	3200.0	3609.0	4517.0	3688.0	3466.0	3390.0	3129.0	2963.0	3148.0	2961.0	3228.0	3686.0	1046.0	759.0	2982.0	2940.0	4776.0	4704.0	3318.0	4126.0	3564.0	3264.0	3337.0	2479.0	
B	3372.0	4368.0	3861.0	2832.0	3062.0	615.0	2801.0	2385.0	3116.0	2402.0	2408.0	2633.0	727.0	994.0	2533.0	2421.0	2612.0	3824.0	2521.0	2817.0	2741.0	2837.0	2373.0	2691.0	
C	12911.0	12305.0	11547.0	11113.0	10987.0	11456.0	10588.0	10034.0	10549.0	9873.0	10611.0	10582.0	7661.0	6667.0	10694.0	10985.0	11693.0	11031.0	11126.0	11824.0	12789.0	11750.0	11827.0	13266.0	
D	12776.0	12335.0	11967.0	11240.0	12228.0	11237.0	12258.0	11234.0	11063.0	10142.0	11811.0	11494.0	5206.0	4698.0	10923.0	11527.0	12045.0	11982.0	12228.0	12932.0	13116.0	12098.0	12305.0	11525.0	
E	12966.0	11748.0	11853.0	11189.0	5560.0	4840.0	5198.0	5712.0	2733.0	2824.0	4221.0	1193.0	1432.0	1086.0	11990.0	12186.0	11773.0	11633.0	11641.0	12048.0	12691.0	10503.0	11548.0	11010.0	
F	12385.0	12296.0	11352.0	559.0	1335.0	1203.0	4037.0	5711.0	4954.0	592.0	7828.0	5563.0	1362.0	601.0	11391.0	11969.0	10190.0	574.0	10881.0	624.0	11646.0	579.0	10610.0	538.0	
G	12890.0	11944.0	11656.0	11725.0	11277.0	10633.0	11825.0	11106.0	11327.0	11953.0	11754.0	11874.0	11608.0	12797.0	11612.0	11763.0	11118.0	11011.0	10880.0	12164.0	11790.0	11370.0	11102.0	12077.0	
H	13327.0	12890.0	12617.0	11798.0	12349.0	11982.0	11289.0	12100.0	12031.0	11699.0	11835.0	12616.0	12586.0	12959.0	11904.0	11481.0	11803.0	12058.0	11961.0	12417.0	11802.0	11591.0	11605.0	12274.0	
I	12534.0	11662.0	10175.0	10584.0	4444.0	3853.0	5953.0	1233.0	7753.0	634.0	639.0	650.0	5806.0	6716.0	9531.0	555.0	7504.0	8346.0	9053.0	8059.0	8839.0	9375.0	9043.0	9735.0	
J	11120.0	10313.0	9644.0	9812.0	8011.0	559.0	1065.0	5645.0	4796.0	588.0	597.0	5952.0	4070.0	5811.0	589.0	550.0	7987.0	8495.0	6724.0	8213.0	10630.0	7827.0	8697.0	9004.0	
K	11069.0	10033.0	10577.0	9047.0	3091.0	4231.0	2475.0	3562.0	3040.0	2980.0	10911.0	11172.0	11145.0	11506.0	9712.0	9523.0	11285.0	10861.0	9091.0	10295.0	11138.0	10201.0	9628.0	9807.0	
L	11145.0	11604.0	9985.0	10661.0	2335.0	2951.0	2419.0	2821.0	2454.0	2811.0	10827.0	10386.0	10742.0	11104.0	9598.0	590.0	9358.0	557.0	9972.0	578.0	10328.0	574.0	10266.0	9747.0	
M	13586.0	12827.0	596.0	11615.0	12603.0	12324.0	12863.0	11791.0	4673.0	5039.0	1328.0	1705.0	1040.0	5262.0	12095.0	12172.0	11433.0	12614.0	12172.0	12394.0	11946.0	11600.0	569.0	12114.0	
N	13776.0	13564.0	11955.0	12813.0	12537.0	11624.0	11903.0	12393.0	1833.0	635.0	1818.0	622.0	4226.0	665.0	12518.0	640.0	12631.0	12030.0	12828.0	13964.0	13115.0	13186.0	12799.0	13896.0	
O	446.0	394.0	338.0	320.0	351.0	329.0	360.0	314.0	683.0	589.0	620.0	618.0	651.0	659.0	658.0	654.0	700.0	667.0	649.0	682.0	709.0	686.0	665.0	763.0	
P	401.0	399.0	367.0	363.0	390.0	403.0	375.0	743.0	718.0	741.0	718.0	742.0	745.0	738.0	673.0	767.0	736.0	756.0	717.0	797.0	729.0	5263.0	688.0	759.0	

Chromatic / Channel:	ROX
Cycle:	1
	1	2	3	4	5	6	7	8	9	10	11	12	13	14	15	16	17	18	19	20	21	22	23	24
A	3373.0	3846.0	4062.0	4006.0	3834.0	3665.0	3455.0	3247.0	3327.0	3245.0	3656.0	3416.0	2979.0	2913.0	3499.0	3405.0	3511.0	3531.0	3777.0	3861.0	4196.0	3863.0	4340.0	3120.0	
B	3621.0	4633.0	4127.0	3141.0	3121.0	2425.0	2721.0	2600.0	2835.0	2592.0	2684.0	2907.0	2408.0	2602.0	2891.0	2802.0	2766.0	2990.0	2816.0	3247.0	3194.0	3278.0	3051.0	3701.0	
C	3177.0	3056.0	2908.0	2785.0	2821.0	2808.0	2702.0	2553.0	2565.0	2547.0	2718.0	2744.0	2750.0	2607.0	2699.0	2698.0	2919.0	2733.0	2802.0	2916.0	3195.0	2939.0	2947.0	3295.0	
D	3114.0	3020.0	2953.0	2773.0	3008.0	2727.0	3011.0	2745.0	2716.0	2637.0	2858.0	2786.0	2797.0	2636.0	2670.0	2777.0	2951.0	2931.0	3030.0	3186.0	3249.0	2995.0	3045.0	2898.0	
E	3303.0	3043.0	3062.0	2919.0	2692.0	2600.0	2586.0	2473.0	2618.0	2477.0	2556.0	2457.0	2679.0	2460.0	3010.0	3055.0	2938.0	2915.0	3014.0	3056.0	3292.0	2708.0	2968.0	2856.0	
F	3139.0	3154.0	2998.0	2279.0	2459.0	2550.0	2516.0	2574.0	2438.0	2359.0	2762.0	2559.0	2621.0	2384.0	2870.0	3023.0	2584.0	2295.0	2903.0	2506.0	3030.0	2350.0	2777.0	2179.0	
G	3286.0	3114.0	3009.0	2992.0	2865.0	2791.0	2927.0	2853.0	2865.0	2977.0	2894.0	2954.0	2938.0	3179.0	2888.0	2977.0	2844.0	2865.0	2902.0	3095.0	2982.0	2888.0	2814.0	3047.0	
H	3478.0	3317.0	3221.0	3038.0	3126.0	3042.0	2845.0	3034.0	3027.0	2907.0	2905.0	3139.0	3185.0	3252.0	2962.0	2905.0	3030.0	3091.0	3091.0	3214.0	3059.0	2975.0	2988.0	3114.0	
I	3559.0	3257.0	3048.0	3072.0	2572.0	2825.0	2647.0	2527.0	2727.0	2387.0	2424.0	2447.0	2989.0	3062.0	3059.0	2230.0	2788.0	2857.0	2803.0	2834.0	2949.0	2900.0	2883.0	3028.0	
J	3435.0	2930.0	2901.0	2920.0	2787.0	2309.0	2611.0	2369.0	2631.0	2387.0	2320.0	2582.0	3016.0	2997.0	2376.0	2266.0	2813.0	2956.0	2754.0	3068.0	3216.0	2925.0	3068.0	3035.0	
K	3222.0	3309.0	3240.0	2968.0	2762.0	2933.0	2904.0	2858.0	2811.0	2863.0	3164.0	3104.0	3250.0	3313.0	3226.0	3204.0	3106.0	3156.0	2876.0	3098.0	3280.0	3209.0	2986.0	3052.0	
L	3072.0	3412.0	3037.0	3065.0	2816.0	2927.0	2921.0	2793.0	2892.0	2882.0	3242.0	3133.0	3258.0	3356.0	2939.0	2392.0	2888.0	2257.0	3127.0	2400.0	3104.0	2359.0	3044.0	2992.0	
M	3486.0	3474.0	2449.0	3170.0	3171.0	3065.0	3202.0	2973.0	2934.0	3134.0	2686.0	2762.0	2706.0	2969.0	3125.0	3131.0	2999.0	3247.0	3140.0	3185.0	3190.0	3084.0	2263.0	3247.0	
N	3633.0	3596.0	3272.0	3506.0	3143.0	2948.0	2970.0	3125.0	3031.0	2607.0	3007.0	2527.0	3015.0	2679.0	3281.0	2571.0	3316.0	3365.0	3342.0	3668.0	3505.0	3717.0	3448.0	3748.0	
O	2665.0	2305.0	2055.0	1985.0	2130.0	2046.0	2110.0	1940.0	2806.0	2341.0	2531.0	2519.0	2649.0	2688.0	2628.0	2595.0	2825.0	2679.0	2640.0	2781.0	2926.0	2813.0	2668.0	3049.0	
P	2375.0	2429.0	2254.0	2254.0	2427.0	2439.0	2287.0	3087.0	2923.0	3145.0	2999.0	3102.0	3156.0	3059.0	2778.0	3230.0	3061.0	3120.0	2958.0	3325.0	3036.0	3333.0	2810.0	2997.0	

