Testname: Douglas Scientific
Date: 7/16/2018	Time: 8:30:08 PM
ID1: 00890018002017.00320180110.959148
No. of Channels / Multichromatics: 3
No. of Cycles: 1
Configuration: Fluorescence (Triple Em.)



Chromatic / Channel:	FAM
Cycle:	1
	1	2	3	4	5	6	7	8	9	10	11	12	13	14	15	16	17	18	19	20	21	22	23	24
A	22963.0	25652.0	28483.0	27734.0	24893.0	24060.0	23118.0	23167.0	23838.0	20880.0	25241.0	24461.0	625.0	621.0	27119.0	26020.0	26333.0	25572.0	25340.0	24592.0	25550.0	24777.0	26252.0	22707.0	
B	25631.0	30319.0	28323.0	23728.0	22297.0	635.0	22177.0	21478.0	21221.0	21052.0	20884.0	22418.0	595.0	8488.0	21599.0	21479.0	20729.0	21887.0	20083.0	22454.0	21169.0	24234.0	22162.0	26038.0	
C	1393.0	1422.0	1436.0	1439.0	1846.0	2332.0	2113.0	2347.0	1341.0	1067.0	1336.0	1164.0	335.0	6294.0	3833.0	2635.0	820.0	650.0	722.0	937.0	808.0	756.0	589.0	1170.0	
D	1323.0	1631.0	1567.0	1472.0	2141.0	2183.0	1515.0	1379.0	3409.0	1373.0	1250.0	2402.0	6210.0	10194.0	3264.0	713.0	615.0	498.0	665.0	642.0	842.0	909.0	866.0	947.0	
E	17490.0	17001.0	16805.0	17209.0	8871.0	10595.0	544.0	11720.0	4724.0	12714.0	14227.0	9618.0	16562.0	9690.0	13701.0	14308.0	6363.0	10084.0	8771.0	10817.0	7629.0	10889.0	7725.0	12576.0	
F	16485.0	17514.0	14847.0	18564.0	13137.0	601.0	11954.0	14140.0	7809.0	649.0	8096.0	17149.0	11554.0	638.0	15365.0	16561.0	8467.0	628.0	12743.0	595.0	8515.0	596.0	9724.0	595.0	
G	18757.0	17242.0	16967.0	16980.0	11132.0	10829.0	13546.0	12650.0	13074.0	11091.0	12358.0	10821.0	11699.0	9956.0	7864.0	9630.0	13356.0	10810.0	12778.0	6660.0	7428.0	10334.0	8562.0	9788.0	
H	18881.0	17801.0	19021.0	17632.0	10275.0	12530.0	11088.0	10346.0	10342.0	12466.0	12059.0	10948.0	12992.0	11988.0	3386.0	12124.0	11022.0	14413.0	8882.0	11721.0	7299.0	11209.0	11945.0	7757.0	
I	21029.0	20627.0	20466.0	20300.0	14428.0	10989.0	582.0	205.0	1257.0	331.0	158.0	609.0	21250.0	21788.0	21387.0	609.0	20707.0	20321.0	20968.0	19775.0	20952.0	20135.0	20234.0	19865.0	
J	21355.0	20441.0	21202.0	21001.0	8839.0	623.0	617.0	635.0	347.0	640.0	285.0	257.0	22829.0	22682.0	666.0	637.0	21296.0	21147.0	21242.0	21463.0	21727.0	20557.0	19238.0	21450.0	
K	21090.0	20609.0	20944.0	20749.0	21759.0	21037.0	22157.0	22141.0	23252.0	23634.0	20210.0	21042.0	19796.0	19722.0	21859.0	20908.0	19608.0	18921.0	19933.0	18787.0	20537.0	19548.0	19718.0	20550.0	
L	20558.0	21498.0	22098.0	21345.0	21624.0	21034.0	21984.0	22423.0	22948.0	22199.0	20995.0	20105.0	20343.0	20317.0	21060.0	627.0	18752.0	628.0	19257.0	624.0	17308.0	647.0	17334.0	20622.0	
M	19980.0	19805.0	642.0	20227.0	6184.0	6887.0	5230.0	7022.0	11884.0	15939.0	16909.0	17183.0	13204.0	15936.0	13343.0	15458.0	14464.0	14759.0	13313.0	11441.0	19215.0	18214.0	638.0	19941.0	
N	20985.0	16294.0	19797.0	20330.0	5197.0	3259.0	6207.0	8421.0	20163.0	659.0	13782.0	671.0	16684.0	674.0	13392.0	631.0	16080.0	11378.0	15035.0	17035.0	20029.0	20297.0	20132.0	19034.0	
O	600.0	576.0	594.0	586.0	584.0	575.0	617.0	621.0	723.0	640.0	665.0	625.0	703.0	428.0	709.0	628.0	690.0	717.0	717.0	654.0	728.0	679.0	694.0	767.0	
P	555.0	613.0	615.0	598.0	640.0	611.0	618.0	717.0	746.0	707.0	718.0	727.0	324.0	722.0	699.0	714.0	744.0	785.0	756.0	706.0	757.0	772.0	789.0	715.0	

Chromatic / Channel:	VIC
Cycle:	1
	1	2	3	4	5	6	7	8	9	10	11	12	13	14	15	16	17	18	19	20	21	22	23	24
A	2811.0	3123.0	3444.0	3447.0	3036.0	2779.0	2812.0	3202.0	3920.0	2594.0	3064.0	2968.0	739.0	733.0	3104.0	2981.0	4927.0	4308.0	2957.0	2821.0	3102.0	2799.0	3323.0	2313.0	
B	3717.0	3861.0	3457.0	2730.0	2632.0	585.0	2620.0	3019.0	2950.0	2955.0	2414.0	2613.0	626.0	1113.0	2452.0	2890.0	3274.0	3006.0	2314.0	2583.0	2417.0	2720.0	2307.0	2581.0	
C	11710.0	10737.0	10470.0	10312.0	10702.0	11096.0	10803.0	11178.0	10842.0	10230.0	11061.0	11168.0	4871.0	5787.0	11549.0	10878.0	11585.0	11300.0	11446.0	10926.0	11964.0	11472.0	11627.0	12187.0	
D	11392.0	10718.0	10968.0	10575.0	11017.0	10800.0	11037.0	11308.0	11449.0	11255.0	11883.0	11542.0	954.0	9122.0	11922.0	10888.0	12083.0	11902.0	12073.0	11272.0	11945.0	11510.0	12069.0	11097.0	
E	11593.0	10474.0	10897.0	11419.0	1035.0	1101.0	1469.0	3479.0	795.0	4003.0	3375.0	5294.0	3249.0	1096.0	11606.0	11190.0	10887.0	10836.0	10944.0	10800.0	10947.0	10678.0	10835.0	10679.0	
F	11301.0	10735.0	10699.0	11694.0	4518.0	511.0	5711.0	4738.0	4917.0	583.0	7856.0	3247.0	1220.0	600.0	12363.0	11815.0	11207.0	575.0	10781.0	578.0	11175.0	569.0	10827.0	551.0	
G	11721.0	11135.0	11143.0	11416.0	11206.0	10848.0	11992.0	11779.0	11791.0	12116.0	12092.0	11624.0	11704.0	12483.0	11705.0	11374.0	11287.0	11083.0	11601.0	11083.0	11299.0	11265.0	10414.0	10945.0	
H	12248.0	10923.0	11694.0	10783.0	11323.0	11546.0	11535.0	11755.0	12265.0	12155.0	12082.0	12583.0	12340.0	12321.0	11566.0	11535.0	11380.0	11737.0	11898.0	11539.0	11616.0	11614.0	11216.0	10972.0	
I	11853.0	10217.0	10705.0	10641.0	3618.0	1143.0	581.0	5565.0	5156.0	4045.0	7029.0	635.0	7112.0	6543.0	7600.0	591.0	9413.0	10234.0	9692.0	9096.0	6410.0	8884.0	7508.0	8582.0	
J	11235.0	11044.0	10292.0	10660.0	1049.0	546.0	597.0	616.0	5265.0	581.0	6898.0	6828.0	4115.0	6305.0	609.0	565.0	8765.0	8930.0	9237.0	9612.0	10633.0	10636.0	8392.0	8813.0	
K	10438.0	10299.0	10937.0	9819.0	2285.0	2220.0	3737.0	2310.0	2445.0	2524.0	11117.0	10968.0	10604.0	10948.0	9543.0	8727.0	10795.0	10631.0	10932.0	10089.0	10602.0	10321.0	10108.0	8370.0	
L	9733.0	10368.0	10255.0	10931.0	2306.0	2884.0	2300.0	2365.0	2386.0	2323.0	10436.0	10115.0	11191.0	10513.0	9412.0	576.0	11084.0	582.0	10025.0	593.0	11014.0	583.0	8485.0	8442.0	
M	12068.0	11118.0	572.0	11346.0	12469.0	11245.0	11340.0	12082.0	4055.0	1522.0	3732.0	1616.0	1348.0	4366.0	11966.0	12584.0	11766.0	12371.0	12087.0	12251.0	12217.0	12484.0	608.0	12616.0	
N	12717.0	11322.0	12220.0	12165.0	11780.0	11192.0	12084.0	11430.0	1829.0	579.0	4916.0	601.0	4482.0	651.0	12676.0	582.0	12975.0	10618.0	13213.0	13052.0	13709.0	13887.0	13402.0	13936.0	
O	346.0	328.0	334.0	338.0	342.0	320.0	359.0	345.0	659.0	604.0	605.0	610.0	666.0	4506.0	698.0	610.0	679.0	672.0	696.0	656.0	753.0	709.0	715.0	764.0	
P	296.0	311.0	360.0	336.0	389.0	339.0	388.0	675.0	715.0	681.0	690.0	673.0	5878.0	732.0	687.0	676.0	752.0	786.0	759.0	718.0	773.0	798.0	817.0	741.0	

Chromatic / Channel:	ROX
Cycle:	1
	1	2	3	4	5	6	7	8	9	10	11	12	13	14	15	16	17	18	19	20	21	22	23	24
A	2966.0	3331.0	3723.0	3769.0	3572.0	3063.0	3037.0	3084.0	3143.0	2937.0	3302.0	3187.0	2749.0	2736.0	3580.0	3459.0	3626.0	3436.0	3317.0	3247.0	3351.0	3255.0	3683.0	2935.0	
B	3246.0	4103.0	3625.0	3019.0	2816.0	2302.0	2804.0	2766.0	2703.0	2686.0	2649.0	2856.0	2307.0	2589.0	2746.0	2768.0	2702.0	2853.0	2476.0	2908.0	2638.0	3155.0	2925.0	3404.0	
C	2860.0	2647.0	2606.0	2568.0	2641.0	2707.0	2666.0	2727.0	2688.0	2506.0	2705.0	2703.0	2467.0	2634.0	2868.0	2693.0	2838.0	2787.0	2812.0	2698.0	2944.0	2839.0	2848.0	2993.0	
D	2770.0	2641.0	2693.0	2593.0	2713.0	2611.0	2698.0	2744.0	2779.0	2702.0	2848.0	2774.0	2496.0	2879.0	2909.0	2661.0	2906.0	2880.0	2919.0	2743.0	2895.0	2818.0	2932.0	2686.0	
E	2935.0	2723.0	2811.0	2938.0	2401.0	2234.0	2161.0	2441.0	2289.0	2500.0	2600.0	2580.0	2729.0	2386.0	2901.0	2827.0	2700.0	2731.0	2744.0	2773.0	2769.0	2758.0	2752.0	2743.0	
F	2872.0	2798.0	2763.0	3023.0	2574.0	2104.0	2626.0	2635.0	2516.0	2319.0	2714.0	2686.0	2517.0	2372.0	3087.0	3006.0	2793.0	2302.0	2834.0	2286.0	2831.0	2259.0	2737.0	2150.0	
G	3011.0	2863.0	2884.0	2921.0	2812.0	2703.0	2975.0	2920.0	2948.0	2971.0	2998.0	2880.0	2923.0	3059.0	2906.0	2873.0	2920.0	2827.0	2975.0	2767.0	2823.0	2891.0	2607.0	2755.0	
H	3166.0	2856.0	3045.0	2810.0	2851.0	2883.0	2919.0	2943.0	3058.0	3022.0	3009.0	3109.0	3089.0	3085.0	2842.0	2954.0	2933.0	3067.0	3042.0	3016.0	2941.0	2968.0	2885.0	2796.0	
I	3208.0	2948.0	3010.0	2981.0	2610.0	2388.0	2221.0	2525.0	2630.0	2463.0	2622.0	2368.0	2947.0	2994.0	2950.0	2282.0	3009.0	3042.0	3108.0	2961.0	2945.0	2948.0	2894.0	2855.0	
J	3181.0	3002.0	3016.0	3045.0	2529.0	2219.0	2322.0	2366.0	2602.0	2352.0	2599.0	2627.0	2948.0	3043.0	2428.0	2271.0	3055.0	3099.0	3108.0	3232.0	3368.0	3174.0	2887.0	3036.0	
K	3007.0	2928.0	3103.0	2960.0	2711.0	2625.0	2812.0	2748.0	2873.0	2911.0	3091.0	3163.0	3013.0	3075.0	3141.0	2969.0	3117.0	3085.0	3214.0	3039.0	3324.0	3096.0	3078.0	2957.0	
L	2869.0	3002.0	3112.0	3096.0	2719.0	2642.0	2742.0	2792.0	2847.0	2747.0	3097.0	2983.0	3150.0	3099.0	3040.0	2298.0	3172.0	2336.0	3111.0	2367.0	3058.0	2343.0	2639.0	2940.0	
M	3159.0	3029.0	2279.0	3043.0	3090.0	2795.0	2825.0	2972.0	2786.0	2718.0	2717.0	2670.0	2665.0	2827.0	3053.0	3184.0	3017.0	3137.0	3092.0	3094.0	3235.0	3268.0	2338.0	3273.0	
N	3478.0	2951.0	3273.0	3282.0	2974.0	2818.0	3010.0	2859.0	2834.0	2395.0	2926.0	2457.0	3045.0	2592.0	3235.0	2220.0	3342.0	3177.0	3400.0	3398.0	3645.0	3722.0	3559.0	3681.0	
O	2131.0	1933.0	1999.0	2008.0	2042.0	1945.0	2119.0	2077.0	2714.0	2405.0	2460.0	2420.0	2702.0	2807.0	2772.0	2388.0	2726.0	2575.0	2803.0	2592.0	2968.0	2822.0	2793.0	2992.0	
P	1824.0	1975.0	2157.0	2092.0	2359.0	2102.0	2298.0	2836.0	2990.0	2829.0	2844.0	2793.0	3211.0	2996.0	2795.0	2739.0	3079.0	3189.0	3072.0	2914.0	3131.0	3273.0	3320.0	2868.0	

