Testname: Douglas Scientific
Date: 7/16/2018	Time: 8:30:36 PM
ID1: 00890018002017.00320180110.959147
No. of Channels / Multichromatics: 3
No. of Cycles: 1
Configuration: Fluorescence (Triple Em.)



Chromatic / Channel:	FAM
Cycle:	1
	1	2	3	4	5	6	7	8	9	10	11	12	13	14	15	16	17	18	19	20	21	22	23	24
A	13331.0	15191.0	15563.0	13517.0	13125.0	13884.0	14174.0	13037.0	13732.0	13677.0	15123.0	13359.0	474.0	9755.0	13795.0	12962.0	13052.0	12711.0	13370.0	13369.0	14782.0	13930.0	14973.0	10819.0	
B	13011.0	14654.0	12376.0	12220.0	11079.0	444.0	10838.0	10853.0	10074.0	10306.0	10157.0	10899.0	7057.0	392.0	9894.0	10560.0	9681.0	10676.0	10832.0	11985.0	12027.0	12235.0	11740.0	13424.0	
C	1429.0	1610.0	2403.0	1279.0	1357.0	1646.0	2161.0	1556.0	1459.0	1280.0	1400.0	1882.0	410.0	5430.0	1963.0	2325.0	722.0	1583.0	2074.0	1376.0	1028.0	1134.0	1211.0	2552.0	
D	1292.0	1818.0	1508.0	1483.0	2200.0	1443.0	2243.0	1558.0	1432.0	1565.0	1854.0	1449.0	3852.0	384.0	779.0	805.0	1848.0	849.0	850.0	794.0	1119.0	958.0	1840.0	1389.0	
E	9137.0	9360.0	9033.0	9786.0	7563.0	8238.0	378.0	7186.0	7278.0	7043.0	9225.0	8612.0	5870.0	8286.0	7610.0	7509.0	4431.0	5158.0	7196.0	7074.0	7156.0	7017.0	6689.0	6606.0	
F	10881.0	9621.0	9513.0	399.0	9153.0	406.0	7370.0	2040.0	368.0	408.0	6297.0	7002.0	6904.0	386.0	7924.0	8016.0	5460.0	393.0	5971.0	415.0	7269.0	403.0	7241.0	403.0	
G	10540.0	10479.0	10475.0	9500.0	6852.0	5650.0	5958.0	7338.0	6698.0	7149.0	7652.0	6391.0	6951.0	7843.0	6029.0	7334.0	6342.0	6701.0	3893.0	5982.0	4335.0	8017.0	6802.0	6503.0	
H	10078.0	10735.0	10874.0	9314.0	6907.0	6781.0	6473.0	5695.0	6997.0	6661.0	7313.0	7816.0	8496.0	7045.0	5420.0	7532.0	4661.0	7118.0	7955.0	6547.0	6196.0	6164.0	7885.0	6225.0	
I	11275.0	11473.0	10649.0	10077.0	8679.0	5538.0	274.0	385.0	225.0	372.0	235.0	5635.0	10440.0	10259.0	9160.0	496.0	8829.0	9550.0	9185.0	9511.0	9601.0	10010.0	10013.0	10025.0	
J	12134.0	11457.0	10586.0	10446.0	9350.0	405.0	5939.0	384.0	6859.0	384.0	5087.0	3669.0	10295.0	10607.0	400.0	399.0	10113.0	10835.0	9808.0	10733.0	11109.0	11143.0	10922.0	9765.0	
K	11111.0	11648.0	10000.0	9038.0	9616.0	10262.0	9930.0	9361.0	10427.0	10708.0	9114.0	9629.0	9434.0	9918.0	9451.0	9240.0	8950.0	9235.0	9268.0	9856.0	10059.0	10481.0	10317.0	10276.0	
L	10848.0	12210.0	11359.0	10436.0	11246.0	10028.0	9793.0	9785.0	10028.0	10080.0	9540.0	9442.0	10493.0	10344.0	9881.0	389.0	8909.0	383.0	8962.0	420.0	9913.0	419.0	10522.0	10772.0	
M	11386.0	11806.0	453.0	10787.0	6790.0	2599.0	5041.0	4664.0	9104.0	7674.0	9565.0	9833.0	10383.0	10895.0	8299.0	7912.0	8311.0	8908.0	8698.0	9883.0	10746.0	10363.0	428.0	10956.0	
N	11897.0	12288.0	11812.0	11192.0	2508.0	4658.0	5427.0	5218.0	9835.0	8410.0	8542.0	382.0	5555.0	435.0	7657.0	423.0	8843.0	4714.0	8014.0	8420.0	10778.0	11508.0	11763.0	12204.0	
O	460.0	446.0	445.0	438.0	441.0	434.0	426.0	428.0	461.0	412.0	409.0	422.0	449.0	437.0	436.0	417.0	397.0	359.0	458.0	464.0	476.0	465.0	458.0	498.0	
P	422.0	459.0	434.0	460.0	467.0	481.0	451.0	499.0	461.0	444.0	445.0	475.0	501.0	487.0	462.0	516.0	512.0	504.0	501.0	518.0	484.0	508.0	526.0	490.0	

Chromatic / Channel:	VIC
Cycle:	1
	1	2	3	4	5	6	7	8	9	10	11	12	13	14	15	16	17	18	19	20	21	22	23	24
A	1831.0	2295.0	2097.0	1846.0	2342.0	2084.0	2143.0	2017.0	2024.0	2022.0	2179.0	2135.0	539.0	1059.0	1957.0	2064.0	3148.0	2807.0	2104.0	2050.0	2218.0	2048.0	1834.0	1438.0	
B	1983.0	1991.0	1716.0	1841.0	2091.0	389.0	1944.0	1555.0	1720.0	2082.0	1790.0	1651.0	781.0	393.0	1438.0	1685.0	1850.0	1879.0	1702.0	1828.0	1822.0	1799.0	1520.0	1646.0	
C	6232.0	5881.0	6082.0	5712.0	5839.0	6042.0	5535.0	5572.0	5370.0	4853.0	5139.0	5349.0	381.0	648.0	5357.0	5287.0	5214.0	5764.0	5447.0	5687.0	6049.0	5508.0	5841.0	6116.0	
D	6144.0	5857.0	6217.0	5844.0	5919.0	5707.0	5803.0	5533.0	5453.0	5507.0	5912.0	5667.0	4265.0	363.0	5221.0	5078.0	5193.0	5514.0	5147.0	5484.0	5865.0	5607.0	5756.0	5470.0	
E	5463.0	5431.0	5976.0	5824.0	2586.0	2999.0	339.0	2229.0	933.0	2305.0	2656.0	865.0	3140.0	1817.0	5085.0	5055.0	4926.0	4986.0	4937.0	5307.0	5324.0	5191.0	5527.0	5339.0	
F	6411.0	6012.0	5702.0	348.0	986.0	336.0	2010.0	423.0	327.0	340.0	2629.0	2202.0	3715.0	332.0	5262.0	5375.0	4980.0	313.0	4904.0	330.0	5493.0	337.0	5550.0	340.0	
G	6646.0	6256.0	6414.0	5885.0	5736.0	5373.0	5549.0	5482.0	5211.0	5881.0	5646.0	5343.0	5922.0	6335.0	5421.0	5512.0	5116.0	5293.0	5055.0	5521.0	5775.0	5880.0	5684.0	5812.0	
H	6310.0	6460.0	6476.0	5625.0	5307.0	5671.0	5371.0	5480.0	5432.0	5476.0	5265.0	5761.0	6156.0	5819.0	5401.0	5662.0	5206.0	5365.0	5053.0	5490.0	5263.0	5436.0	5293.0	5674.0	
I	6022.0	5972.0	5741.0	5428.0	897.0	650.0	1878.0	370.0	2657.0	354.0	2248.0	1985.0	3583.0	3015.0	4633.0	345.0	4238.0	4418.0	4434.0	4309.0	4283.0	4439.0	4366.0	4270.0	
J	6191.0	6245.0	5445.0	5682.0	3994.0	332.0	655.0	333.0	710.0	329.0	1620.0	3861.0	3238.0	3101.0	335.0	337.0	4456.0	4648.0	4669.0	4491.0	5436.0	4820.0	4497.0	4674.0	
K	4801.0	6169.0	5338.0	4912.0	1722.0	1382.0	1382.0	1493.0	1386.0	1444.0	5077.0	5262.0	5384.0	5491.0	4490.0	3741.0	4866.0	5207.0	4970.0	5270.0	4976.0	5291.0	4534.0	5430.0	
L	5734.0	6045.0	5833.0	5600.0	1465.0	1844.0	1297.0	1773.0	2050.0	1687.0	5067.0	4997.0	5399.0	5638.0	4017.0	329.0	4446.0	322.0	4864.0	374.0	5253.0	354.0	4734.0	5029.0	
M	6677.0	6241.0	389.0	6228.0	6357.0	5673.0	5836.0	5742.0	2417.0	2624.0	989.0	1003.0	3442.0	1132.0	6112.0	5655.0	5492.0	6018.0	5687.0	6200.0	6272.0	6191.0	395.0	6299.0	
N	6701.0	6511.0	6512.0	6184.0	6307.0	5882.0	6292.0	6090.0	974.0	2481.0	2004.0	328.0	2336.0	382.0	5820.0	372.0	6000.0	5794.0	5795.0	6298.0	6175.0	6589.0	6770.0	7123.0	
O	263.0	247.0	233.0	213.0	224.0	220.0	222.0	204.0	423.0	356.0	376.0	374.0	414.0	407.0	413.0	377.0	707.0	816.0	409.0	434.0	429.0	437.0	437.0	516.0	
P	240.0	257.0	246.0	267.0	270.0	274.0	255.0	461.0	431.0	443.0	424.0	440.0	475.0	453.0	430.0	496.0	471.0	486.0	472.0	493.0	455.0	490.0	480.0	454.0	

Chromatic / Channel:	ROX
Cycle:	1
	1	2	3	4	5	6	7	8	9	10	11	12	13	14	15	16	17	18	19	20	21	22	23	24
A	1671.0	2012.0	2039.0	1801.0	1817.0	1869.0	1892.0	1747.0	1853.0	1858.0	2058.0	1825.0	1770.0	1753.0	1869.0	1785.0	1869.0	1802.0	1826.0	1799.0	1972.0	1846.0	1958.0	1368.0	
B	1705.0	1906.0	1617.0	1634.0	1519.0	1272.0	1442.0	1406.0	1355.0	1382.0	1366.0	1449.0	1358.0	1193.0	1341.0	1425.0	1345.0	1465.0	1469.0	1587.0	1593.0	1613.0	1519.0	1722.0	
C	1567.0	1493.0	1543.0	1459.0	1463.0	1512.0	1401.0	1400.0	1362.0	1242.0	1313.0	1346.0	1164.0	1212.0	1382.0	1369.0	1342.0	1479.0	1403.0	1461.0	1537.0	1410.0	1470.0	1561.0	
D	1522.0	1475.0	1555.0	1477.0	1488.0	1416.0	1443.0	1382.0	1358.0	1373.0	1485.0	1406.0	1338.0	1113.0	1325.0	1303.0	1334.0	1410.0	1327.0	1389.0	1483.0	1424.0	1444.0	1368.0	
E	1491.0	1482.0	1560.0	1540.0	1355.0	1371.0	1047.0	1226.0	1175.0	1244.0	1350.0	1243.0	1297.0	1241.0	1341.0	1331.0	1288.0	1298.0	1328.0	1419.0	1419.0	1367.0	1431.0	1385.0	
F	1657.0	1587.0	1498.0	1172.0	1230.0	1123.0	1270.0	1103.0	1030.0	1138.0	1293.0	1241.0	1381.0	1130.0	1383.0	1427.0	1314.0	1054.0	1304.0	1113.0	1466.0	1109.0	1446.0	1100.0	
G	1695.0	1649.0	1675.0	1542.0	1483.0	1373.0	1406.0	1401.0	1345.0	1498.0	1458.0	1374.0	1515.0	1614.0	1412.0	1449.0	1351.0	1397.0	1309.0	1433.0	1473.0	1533.0	1467.0	1492.0	
H	1614.0	1680.0	1710.0	1495.0	1387.0	1462.0	1393.0	1399.0	1404.0	1415.0	1385.0	1495.0	1595.0	1507.0	1425.0	1495.0	1354.0	1418.0	1371.0	1438.0	1389.0	1426.0	1406.0	1467.0	
I	1668.0	1690.0	1624.0	1548.0	1280.0	1254.0	1183.0	1157.0	1188.0	1101.0	1161.0	1252.0	1492.0	1446.0	1412.0	1104.0	1349.0	1428.0	1388.0	1413.0	1422.0	1461.0	1435.0	1410.0	
J	1775.0	1697.0	1591.0	1575.0	1521.0	1138.0	1223.0	1072.0	1235.0	1113.0	1219.0	1369.0	1456.0	1479.0	1136.0	1111.0	1489.0	1587.0	1467.0	1552.0	1649.0	1647.0	1550.0	1380.0	
K	1548.0	1696.0	1494.0	1388.0	1290.0	1341.0	1291.0	1223.0	1333.0	1375.0	1402.0	1477.0	1473.0	1537.0	1425.0	1360.0	1417.0	1473.0	1444.0	1517.0	1516.0	1566.0	1489.0	1513.0	
L	1591.0	1733.0	1659.0	1571.0	1459.0	1334.0	1262.0	1292.0	1334.0	1315.0	1470.0	1436.0	1589.0	1606.0	1445.0	1075.0	1374.0	1062.0	1421.0	1202.0	1526.0	1176.0	1536.0	1525.0	
M	1738.0	1731.0	1302.0	1646.0	1636.0	1441.0	1489.0	1454.0	1369.0	1377.0	1315.0	1364.0	1573.0	1499.0	1594.0	1491.0	1464.0	1583.0	1503.0	1625.0	1667.0	1642.0	1283.0	1644.0	
N	1811.0	1806.0	1773.0	1698.0	1611.0	1546.0	1618.0	1579.0	1432.0	1403.0	1272.0	1106.0	1455.0	1313.0	1544.0	1223.0	1600.0	1555.0	1539.0	1666.0	1686.0	1798.0	1826.0	1902.0	
O	1176.0	1081.0	1061.0	993.0	1049.0	1022.0	1013.0	956.0	1429.0	1201.0	1270.0	1285.0	1389.0	1385.0	1372.0	1229.0	1398.0	1431.0	1364.0	1409.0	1399.0	1426.0	1401.0	1680.0	
P	1094.0	1171.0	1133.0	1231.0	1273.0	1265.0	1197.0	1606.0	1467.0	1537.0	1446.0	1543.0	1651.0	1591.0	1449.0	1686.0	1605.0	1647.0	1584.0	1674.0	1503.0	1604.0	1584.0	1463.0	

