Testname: Douglas Scientific
Date: 7/16/2018	Time: 8:28:44 PM
ID1: 00890018002017.00320180110.959151
No. of Channels / Multichromatics: 3
No. of Cycles: 1
Configuration: Fluorescence (Triple Em.)



Chromatic / Channel:	FAM
Cycle:	1
	1	2	3	4	5	6	7	8	9	10	11	12	13	14	15	16	17	18	19	20	21	22	23	24
A	16863.0	20031.0	21544.0	18998.0	20146.0	20556.0	21294.0	20488.0	22008.0	21190.0	21311.0	20204.0	6612.0	486.0	20903.0	17303.0	20803.0	15685.0	19024.0	17672.0	19726.0	18842.0	18543.0	14964.0	
B	19691.0	21108.0	18946.0	18824.0	17055.0	529.0	16635.0	17500.0	16134.0	16925.0	16655.0	15678.0	5123.0	5468.0	16249.0	15686.0	15348.0	15829.0	15514.0	14931.0	15454.0	18529.0	14913.0	16934.0	
C	13829.0	13019.0	12885.0	12668.0	12190.0	12449.0	12168.0	11878.0	12050.0	10779.0	11188.0	11370.0	3663.0	5240.0	8758.0	9403.0	9921.0	9305.0	11919.0	9077.0	10687.0	10436.0	10851.0	10319.0	
D	13450.0	12832.0	13336.0	12643.0	13087.0	11773.0	11955.0	11880.0	11893.0	11558.0	11374.0	11144.0	3453.0	474.0	8785.0	9128.0	9320.0	10166.0	10694.0	9328.0	10601.0	10272.0	11364.0	9697.0	
E	16573.0	16536.0	16699.0	15765.0	1912.0	5809.0	7700.0	9599.0	6190.0	9190.0	6172.0	6098.0	5771.0	8201.0	13357.0	13349.0	11962.0	11858.0	12903.0	12585.0	13568.0	10467.0	12171.0	12227.0	
F	16987.0	16293.0	16037.0	525.0	10977.0	11243.0	10729.0	9964.0	8185.0	525.0	8841.0	9524.0	11098.0	503.0	13690.0	13869.0	10981.0	9316.0	10343.0	530.0	13295.0	10752.0	10540.0	7434.0	
G	16443.0	15539.0	15927.0	15562.0	12418.0	12118.0	12828.0	12550.0	12605.0	12486.0	11943.0	11799.0	12744.0	13441.0	11885.0	10966.0	10914.0	10932.0	10068.0	11520.0	10383.0	9457.0	12242.0	12355.0	
H	17453.0	16615.0	17558.0	15653.0	13814.0	13830.0	13567.0	13246.0	12089.0	13333.0	13686.0	12984.0	13238.0	13725.0	14572.0	12620.0	10960.0	11942.0	10521.0	11552.0	9939.0	11316.0	10127.0	12176.0	
I	19665.0	18291.0	17565.0	18011.0	6610.0	7017.0	499.0	2988.0	5890.0	3183.0	3867.0	1415.0	16678.0	17056.0	15387.0	500.0	15582.0	15959.0	15381.0	14945.0	14886.0	15357.0	14525.0	13922.0	
J	19244.0	16555.0	17703.0	17458.0	8546.0	492.0	473.0	4500.0	1979.0	507.0	470.0	5813.0	15631.0	16479.0	506.0	499.0	15513.0	16056.0	15492.0	14482.0	15290.0	15326.0	14858.0	14473.0	
K	18480.0	18401.0	17562.0	17620.0	17752.0	17152.0	17681.0	17675.0	17035.0	17328.0	15010.0	15818.0	15313.0	15365.0	15983.0	16119.0	14607.0	15055.0	14114.0	12613.0	15120.0	13827.0	13204.0	13251.0	
L	18266.0	19344.0	16673.0	18499.0	18111.0	16914.0	17694.0	17961.0	18226.0	17656.0	16373.0	15451.0	16181.0	15957.0	16291.0	5805.0	14299.0	10728.0	14376.0	11652.0	15176.0	641.0	14445.0	13953.0	
M	17776.0	18073.0	7506.0	15099.0	13117.0	11214.0	12100.0	11284.0	10848.0	9501.0	10811.0	11247.0	13854.0	11582.0	14625.0	13152.0	13785.0	13670.0	14162.0	13326.0	16686.0	16150.0	12144.0	15052.0	
N	18686.0	18016.0	15822.0	19109.0	13323.0	9826.0	11848.0	11434.0	10313.0	11888.0	12008.0	8926.0	11813.0	523.0	14312.0	986.0	13334.0	12629.0	13488.0	13367.0	17374.0	18075.0	16194.0	15160.0	
O	446.0	467.0	472.0	474.0	495.0	468.0	486.0	481.0	592.0	538.0	531.0	523.0	535.0	545.0	15503.0	513.0	13499.0	540.0	11912.0	546.0	14564.0	630.0	12187.0	9526.0	
P	477.0	484.0	467.0	484.0	504.0	518.0	518.0	610.0	607.0	630.0	593.0	618.0	569.0	587.0	15155.0	637.0	585.0	612.0	10370.0	608.0	15438.0	14760.0	641.0	652.0	

Chromatic / Channel:	VIC
Cycle:	1
	1	2	3	4	5	6	7	8	9	10	11	12	13	14	15	16	17	18	19	20	21	22	23	24
A	9905.0	10665.0	10113.0	8970.0	9588.0	9784.0	10130.0	9312.0	10237.0	9960.0	9871.0	9065.0	2244.0	626.0	9332.0	7909.0	10233.0	8589.0	8628.0	8464.0	8993.0	8560.0	7148.0	5705.0	
B	9356.0	9983.0	8786.0	8797.0	8024.0	542.0	7515.0	7989.0	7102.0	7880.0	7739.0	7193.0	1413.0	1644.0	6943.0	7096.0	7743.0	7554.0	8135.0	7435.0	7314.0	8252.0	6014.0	6321.0	
C	11007.0	10351.0	10259.0	10226.0	9897.0	10245.0	10174.0	10197.0	9785.0	9243.0	9497.0	9457.0	5340.0	1865.0	9585.0	9197.0	10095.0	9411.0	9845.0	9549.0	10297.0	9524.0	10371.0	9076.0	
D	11010.0	10227.0	10704.0	10339.0	10425.0	9884.0	9907.0	10288.0	9971.0	9840.0	9700.0	9343.0	5005.0	537.0	9490.0	9680.0	9863.0	9881.0	9647.0	9281.0	9574.0	9656.0	9436.0	8483.0	
E	10619.0	10286.0	10883.0	10073.0	3420.0	1782.0	2776.0	4775.0	1720.0	2621.0	4636.0	2554.0	1586.0	6415.0	9691.0	9650.0	10015.0	9913.0	9309.0	9076.0	9458.0	8681.0	9061.0	8454.0	
F	10599.0	10235.0	10250.0	523.0	3423.0	3802.0	4391.0	5349.0	3645.0	530.0	5129.0	4428.0	5009.0	508.0	10027.0	9978.0	9380.0	3251.0	8847.0	485.0	9103.0	4885.0	8561.0	2804.0	
G	10353.0	9962.0	9904.0	9976.0	9597.0	9705.0	9925.0	10050.0	9885.0	9903.0	9609.0	9148.0	9722.0	9635.0	9158.0	9405.0	8863.0	8920.0	8886.0	8893.0	8764.0	8357.0	8919.0	8329.0	
H	11334.0	10577.0	11279.0	9681.0	10136.0	10238.0	10407.0	10551.0	10004.0	9867.0	10071.0	9812.0	10137.0	10318.0	9698.0	9808.0	9166.0	9289.0	9488.0	8867.0	8502.0	8932.0	8603.0	8415.0	
I	11429.0	10468.0	9735.0	10119.0	5272.0	4451.0	551.0	4780.0	3389.0	5307.0	2471.0	2524.0	7451.0	8007.0	8098.0	525.0	8363.0	8290.0	8715.0	8380.0	7824.0	8740.0	7666.0	7721.0	
J	11092.0	9380.0	9723.0	9623.0	2383.0	491.0	531.0	1296.0	3208.0	487.0	510.0	1957.0	7246.0	7369.0	497.0	512.0	8399.0	8506.0	8442.0	8299.0	8642.0	8207.0	8222.0	7720.0	
K	9614.0	10249.0	9584.0	9668.0	7523.0	6701.0	7222.0	7269.0	6783.0	7113.0	8943.0	8715.0	8342.0	9188.0	8601.0	8569.0	8332.0	8593.0	7778.0	8018.0	8287.0	8552.0	7993.0	7677.0	
L	10093.0	10006.0	9542.0	10004.0	7338.0	6616.0	7248.0	6895.0	7166.0	7000.0	9335.0	8264.0	9440.0	9546.0	9080.0	2485.0	8709.0	6001.0	8787.0	4446.0	8739.0	526.0	8288.0	7850.0	
M	10653.0	10786.0	2292.0	10492.0	11730.0	10474.0	10633.0	10029.0	5244.0	5697.0	3143.0	4451.0	4319.0	5189.0	10080.0	10307.0	9875.0	9895.0	10422.0	10245.0	10501.0	10414.0	6190.0	9752.0	
N	11326.0	11078.0	10443.0	11340.0	11377.0	9270.0	10845.0	10124.0	4963.0	3861.0	3480.0	4042.0	5878.0	530.0	9415.0	627.0	9712.0	8672.0	10101.0	10611.0	11227.0	11582.0	10855.0	11559.0	
O	292.0	290.0	293.0	307.0	318.0	289.0	318.0	302.0	627.0	518.0	523.0	539.0	567.0	569.0	6399.0	535.0	5299.0	570.0	4698.0	587.0	6304.0	685.0	6737.0	3647.0	
P	283.0	285.0	299.0	328.0	339.0	346.0	346.0	644.0	636.0	655.0	629.0	668.0	619.0	659.0	5494.0	651.0	624.0	674.0	3747.0	676.0	6496.0	5567.0	706.0	692.0	

Chromatic / Channel:	ROX
Cycle:	1
	1	2	3	4	5	6	7	8	9	10	11	12	13	14	15	16	17	18	19	20	21	22	23	24
A	3039.0	3366.0	3446.0	2910.0	3138.0	3135.0	3264.0	3136.0	3440.0	3319.0	3588.0	3080.0	2718.0	2207.0	3304.0	2677.0	3315.0	2599.0	2954.0	2734.0	3050.0	2967.0	3187.0	2357.0	
B	2897.0	3121.0	2788.0	2787.0	2588.0	2019.0	2391.0	2599.0	2254.0	2548.0	2520.0	2310.0	1865.0	2135.0	2443.0	2306.0	2346.0	2444.0	2511.0	2342.0	2424.0	2849.0	2657.0	2641.0	
C	2780.0	2643.0	2626.0	2603.0	2541.0	2584.0	2569.0	2567.0	2513.0	2379.0	2408.0	2383.0	1961.0	2055.0	2432.0	2269.0	2596.0	2360.0	2457.0	2310.0	2500.0	2338.0	2599.0	2231.0	
D	2740.0	2585.0	2701.0	2611.0	2629.0	2497.0	2521.0	2576.0	2536.0	2470.0	2430.0	2341.0	2054.0	1895.0	2404.0	2456.0	2495.0	2521.0	2449.0	2296.0	2347.0	2417.0	2344.0	2062.0	
E	2694.0	2659.0	2801.0	2614.0	2206.0	2033.0	2254.0	2299.0	2128.0	2179.0	2187.0	1987.0	1989.0	2291.0	2503.0	2495.0	2528.0	2507.0	2425.0	2385.0	2476.0	2235.0	2260.0	2139.0	
F	2681.0	2604.0	2635.0	2066.0	2213.0	2229.0	2251.0	2344.0	2116.0	2018.0	2210.0	2206.0	2282.0	1977.0	2540.0	2558.0	2418.0	2144.0	2301.0	1796.0	2365.0	2170.0	2159.0	1859.0	
G	2629.0	2542.0	2557.0	2573.0	2467.0	2485.0	2532.0	2532.0	2485.0	2497.0	2442.0	2348.0	2456.0	2501.0	2449.0	2437.0	2340.0	2345.0	2324.0	2293.0	2243.0	2197.0	2296.0	2138.0	
H	2897.0	2709.0	2909.0	2550.0	2613.0	2639.0	2681.0	2680.0	2554.0	2550.0	2567.0	2536.0	2543.0	2646.0	2586.0	2536.0	2437.0	2473.0	2478.0	2329.0	2243.0	2335.0	2259.0	2119.0	
I	3022.0	2772.0	2647.0	2762.0	2279.0	2247.0	2028.0	2234.0	2255.0	2300.0	2050.0	1983.0	2488.0	2627.0	2389.0	1989.0	2464.0	2574.0	2484.0	2384.0	2377.0	2494.0	2193.0	2070.0	
J	2938.0	2493.0	2682.0	2665.0	2242.0	1971.0	2003.0	2135.0	2106.0	1947.0	1918.0	2071.0	2422.0	2486.0	1971.0	1981.0	2452.0	2558.0	2470.0	2314.0	2482.0	2441.0	2358.0	2147.0	
K	2705.0	2732.0	2642.0	2681.0	2595.0	2552.0	2584.0	2594.0	2474.0	2522.0	2434.0	2498.0	2397.0	2499.0	2525.0	2522.0	2449.0	2503.0	2401.0	2274.0	2430.0	2410.0	2226.0	2104.0	
L	2784.0	2819.0	2626.0	2761.0	2666.0	2495.0	2599.0	2625.0	2679.0	2533.0	2620.0	2364.0	2586.0	2625.0	2617.0	2192.0	2604.0	2288.0	2503.0	2225.0	2555.0	1871.0	2415.0	2231.0	
M	2865.0	2868.0	2116.0	2700.0	2985.0	2686.0	2756.0	2659.0	2488.0	2464.0	2235.0	2116.0	2411.0	2413.0	2641.0	2683.0	2614.0	2586.0	2705.0	2656.0	2789.0	2715.0	2320.0	2479.0	
N	3025.0	2909.0	2729.0	3060.0	2945.0	2483.0	2837.0	2676.0	2477.0	2441.0	2303.0	2169.0	2505.0	2111.0	2508.0	1917.0	2530.0	2534.0	2637.0	2714.0	2986.0	3135.0	2865.0	2980.0	
O	1780.0	1703.0	1773.0	1845.0	1891.0	1749.0	1842.0	1791.0	2480.0	2003.0	2034.0	2048.0	2207.0	2189.0	2870.0	1979.0	2576.0	2215.0	2520.0	2198.0	2941.0	2555.0	2866.0	2998.0	
P	1723.0	1778.0	1865.0	1973.0	2093.0	2076.0	2073.0	2629.0	2540.0	2669.0	2563.0	2696.0	2517.0	2678.0	2912.0	2565.0	2454.0	2698.0	2411.0	2641.0	3003.0	3379.0	2730.0	2551.0	

