Testname: Douglas Scientific
Date: 7/16/2018	Time: 8:29:12 PM
ID1: 00890018002017.00320180110.959150
No. of Channels / Multichromatics: 3
No. of Cycles: 1
Configuration: Fluorescence (Triple Em.)



Chromatic / Channel:	FAM
Cycle:	1
	1	2	3	4	5	6	7	8	9	10	11	12	13	14	15	16	17	18	19	20	21	22	23	24
A	21475.0	23845.0	24012.0	23345.0	23071.0	23878.0	23637.0	22019.0	21344.0	21408.0	22448.0	21180.0	5046.0	568.0	21122.0	20619.0	23422.0	21622.0	22901.0	21452.0	22881.0	22970.0	21887.0	17032.0	
B	25709.0	25508.0	24869.0	22932.0	21893.0	625.0	21564.0	20950.0	18176.0	18231.0	17372.0	20078.0	6818.0	552.0	19146.0	19509.0	17236.0	17643.0	17804.0	17906.0	21313.0	22482.0	18036.0	20668.0	
C	13871.0	12519.0	12311.0	11781.0	12039.0	11274.0	11699.0	11552.0	11051.0	9801.0	9832.0	10104.0	5074.0	4805.0	7525.0	7853.0	8570.0	7483.0	8767.0	8415.0	10415.0	9071.0	10262.0	10700.0	
D	11707.0	12782.0	12434.0	11828.0	11540.0	10813.0	11346.0	11071.0	9766.0	10264.0	10151.0	10864.0	5269.0	1372.0	8223.0	7403.0	8093.0	9816.0	9930.0	2877.0	9557.0	9660.0	9490.0	9905.0	
E	19755.0	17708.0	18577.0	16391.0	12703.0	12202.0	5476.0	10994.0	3663.0	8925.0	4258.0	7001.0	11862.0	8430.0	13581.0	13229.0	11144.0	12308.0	11700.0	12163.0	11271.0	11580.0	10366.0	12038.0	
F	19166.0	16042.0	17966.0	589.0	6104.0	555.0	4028.0	9210.0	5325.0	587.0	12153.0	10580.0	10877.0	8733.0	13514.0	14072.0	13078.0	616.0	9508.0	565.0	11865.0	538.0	9515.0	545.0	
G	17555.0	17245.0	16612.0	16804.0	12799.0	12184.0	12354.0	11654.0	11641.0	11999.0	12405.0	11637.0	12082.0	13645.0	9955.0	13661.0	10472.0	10321.0	11432.0	11893.0	12022.0	10336.0	9019.0	10273.0	
H	21070.0	19030.0	17578.0	16487.0	12505.0	14005.0	13646.0	13565.0	12213.0	12386.0	13620.0	12362.0	12504.0	13480.0	10894.0	10522.0	10561.0	13124.0	10725.0	12837.0	10770.0	12119.0	10955.0	10943.0	
I	22376.0	20410.0	19777.0	18429.0	8977.0	9643.0	2157.0	1967.0	534.0	10948.0	544.0	1986.0	19256.0	19035.0	16600.0	552.0	17433.0	19298.0	18241.0	18639.0	18306.0	17478.0	18764.0	19278.0	
J	18451.0	21551.0	20611.0	18664.0	10454.0	546.0	2465.0	537.0	7466.0	552.0	566.0	553.0	18768.0	18690.0	591.0	550.0	18089.0	19134.0	18851.0	18751.0	19073.0	19155.0	18503.0	18864.0	
K	21637.0	21189.0	20478.0	20147.0	20491.0	19990.0	20829.0	19761.0	19235.0	19270.0	18113.0	18166.0	17288.0	17994.0	16769.0	17962.0	16642.0	16228.0	17057.0	15922.0	17159.0	16972.0	15278.0	16023.0	
L	21660.0	21894.0	22347.0	19882.0	19807.0	19574.0	19990.0	20076.0	18998.0	19539.0	18628.0	18013.0	17029.0	18380.0	17161.0	600.0	16571.0	599.0	17203.0	615.0	16746.0	3256.0	16431.0	15504.0	
M	21718.0	20267.0	655.0	18059.0	12192.0	10442.0	9663.0	10382.0	6992.0	13469.0	8238.0	13176.0	10439.0	9040.0	14284.0	14934.0	14457.0	14867.0	13074.0	13947.0	17827.0	15583.0	14474.0	16385.0	
N	21298.0	21373.0	21212.0	20786.0	11310.0	8755.0	10388.0	11563.0	6165.0	572.0	11257.0	12141.0	12295.0	554.0	13826.0	650.0	15539.0	11170.0	15726.0	16692.0	18787.0	18751.0	18579.0	15087.0	
O	621.0	568.0	559.0	537.0	545.0	517.0	530.0	508.0	666.0	590.0	603.0	570.0	593.0	604.0	672.0	619.0	653.0	608.0	678.0	674.0	645.0	657.0	609.0	657.0	
P	565.0	576.0	541.0	541.0	548.0	557.0	546.0	694.0	803.0	689.0	668.0	693.0	660.0	669.0	672.0	783.0	1869.0	821.0	712.0	761.0	702.0	16735.0	647.0	724.0	

Chromatic / Channel:	VIC
Cycle:	1
	1	2	3	4	5	6	7	8	9	10	11	12	13	14	15	16	17	18	19	20	21	22	23	24
A	9311.0	11890.0	11453.0	10392.0	10018.0	9580.0	9543.0	8811.0	8382.0	8384.0	8213.0	8995.0	1619.0	704.0	7245.0	7844.0	8768.0	8374.0	8550.0	8156.0	9254.0	8828.0	7000.0	5301.0	
B	9829.0	9717.0	9504.0	8629.0	8364.0	629.0	7778.0	7633.0	6478.0	6288.0	6149.0	7463.0	1814.0	650.0	6672.0	7035.0	6833.0	7264.0	7554.0	7332.0	7938.0	7883.0	5432.0	6133.0	
C	13027.0	11806.0	12332.0	11663.0	11653.0	11608.0	11730.0	11781.0	10978.0	10400.0	10829.0	10600.0	4754.0	4697.0	10144.0	10179.0	10816.0	10661.0	11911.0	10471.0	12670.0	11348.0	12139.0	12343.0	
D	11299.0	12507.0	12511.0	11969.0	11506.0	11402.0	12118.0	11942.0	10547.0	11377.0	10957.0	11315.0	5977.0	2579.0	10128.0	10017.0	11179.0	12176.0	11762.0	7960.0	11988.0	11582.0	11699.0	11474.0	
E	12870.0	12100.0	12210.0	10740.0	5052.0	5210.0	1435.0	3084.0	1148.0	3789.0	2703.0	3910.0	4059.0	1983.0	10696.0	11050.0	10922.0	11924.0	11081.0	10611.0	10429.0	9902.0	10788.0	10710.0	
F	11951.0	10402.0	11350.0	558.0	4992.0	540.0	4682.0	2167.0	1341.0	562.0	3301.0	2606.0	3786.0	2117.0	10628.0	11068.0	11244.0	604.0	10522.0	573.0	10738.0	531.0	9822.0	533.0	
G	12035.0	10667.0	10741.0	10563.0	10919.0	10493.0	11051.0	10927.0	10422.0	10727.0	10669.0	11146.0	10501.0	11331.0	10222.0	10506.0	10437.0	10926.0	11091.0	10447.0	10925.0	10120.0	10097.0	10256.0	
H	12887.0	11962.0	11748.0	11317.0	10510.0	11599.0	10904.0	11498.0	10627.0	11252.0	10697.0	11734.0	10908.0	10869.0	10783.0	10342.0	10900.0	11816.0	11997.0	11422.0	11208.0	11102.0	10757.0	10367.0	
I	12861.0	10444.0	9884.0	10084.0	3982.0	2358.0	3526.0	4095.0	589.0	6137.0	619.0	3726.0	6990.0	7704.0	8634.0	562.0	8873.0	9887.0	9389.0	9385.0	9330.0	9778.0	8992.0	9140.0	
J	8499.0	10346.0	10569.0	9553.0	6760.0	536.0	4653.0	571.0	1909.0	540.0	613.0	632.0	7481.0	7548.0	584.0	522.0	8867.0	8869.0	8995.0	9961.0	9452.0	9621.0	8910.0	9435.0	
K	10740.0	11352.0	9928.0	9842.0	6457.0	6316.0	6481.0	6125.0	6044.0	6117.0	9681.0	10319.0	9792.0	9943.0	8811.0	9123.0	9393.0	9913.0	9526.0	10545.0	10183.0	9522.0	9235.0	8268.0	
L	10882.0	11339.0	10639.0	10236.0	6087.0	6151.0	6175.0	6239.0	6253.0	6021.0	9825.0	10133.0	9855.0	10167.0	8845.0	592.0	9853.0	590.0	11119.0	617.0	9518.0	1159.0	8410.0	8962.0	
M	12660.0	12037.0	645.0	11244.0	13046.0	11648.0	11431.0	11681.0	1720.0	4178.0	2001.0	3902.0	3791.0	2113.0	10852.0	11925.0	11730.0	11938.0	11475.0	12042.0	11222.0	10983.0	4749.0	10893.0	
N	12979.0	12813.0	12690.0	12147.0	12371.0	10642.0	12069.0	11807.0	3671.0	571.0	3599.0	2781.0	3058.0	573.0	10527.0	632.0	11417.0	11001.0	12002.0	12972.0	12045.0	12810.0	12058.0	11814.0	
O	454.0	392.0	370.0	344.0	359.0	327.0	351.0	316.0	716.0	586.0	594.0	608.0	626.0	623.0	670.0	612.0	717.0	659.0	724.0	723.0	714.0	702.0	662.0	753.0	
P	406.0	386.0	363.0	381.0	372.0	385.0	366.0	743.0	682.0	722.0	707.0	744.0	720.0	735.0	685.0	786.0	1106.0	846.0	781.0	816.0	740.0	7863.0	687.0	781.0	

Chromatic / Channel:	ROX
Cycle:	1
	1	2	3	4	5	6	7	8	9	10	11	12	13	14	15	16	17	18	19	20	21	22	23	24
A	3449.0	4490.0	4425.0	3989.0	3900.0	3773.0	3683.0	3501.0	3351.0	3270.0	3329.0	3430.0	2832.0	2496.0	3065.0	3034.0	3579.0	3329.0	3611.0	3441.0	3788.0	3596.0	3858.0	2719.0	
B	3661.0	3727.0	3643.0	3338.0	3231.0	2519.0	3150.0	3040.0	2585.0	2510.0	2389.0	2927.0	2219.0	2291.0	2724.0	2833.0	2570.0	2776.0	2918.0	2841.0	3187.0	3321.0	2990.0	3349.0	
C	3332.0	3107.0	3216.0	3042.0	3003.0	2991.0	3005.0	3023.0	2803.0	2627.0	2747.0	2646.0	2417.0	2345.0	2491.0	2510.0	2698.0	2648.0	3022.0	2623.0	3203.0	2855.0	3063.0	3096.0	
D	2877.0	3204.0	3229.0	3078.0	3000.0	2912.0	3037.0	3036.0	2659.0	2843.0	2754.0	2794.0	2488.0	2200.0	2568.0	2453.0	2764.0	3070.0	2973.0	2398.0	3038.0	2923.0	2939.0	2867.0	
E	3361.0	3202.0	3281.0	2963.0	2803.0	2658.0	2509.0	2527.0	2345.0	2258.0	2448.0	2326.0	2597.0	2118.0	2702.0	2762.0	2733.0	3020.0	2963.0	2866.0	2793.0	2708.0	2870.0	2826.0	
F	3207.0	2796.0	3100.0	2308.0	2495.0	2224.0	2077.0	2421.0	2236.0	2202.0	2456.0	2423.0	2431.0	2360.0	2716.0	2846.0	2845.0	2315.0	2811.0	2227.0	2865.0	2086.0	2590.0	2078.0	
G	3147.0	2917.0	2941.0	2908.0	2864.0	2778.0	2863.0	2814.0	2714.0	2757.0	2775.0	2810.0	2677.0	2881.0	2695.0	2804.0	2796.0	2880.0	2983.0	2854.0	2890.0	2717.0	2556.0	2685.0	
H	3485.0	3317.0	3422.0	3032.0	2825.0	3041.0	2973.0	2993.0	2848.0	2918.0	2774.0	2958.0	2762.0	2803.0	2811.0	2769.0	2823.0	3173.0	3186.0	3092.0	3027.0	2951.0	2811.0	2766.0	
I	3693.0	3097.0	3040.0	2990.0	2608.0	2495.0	2399.0	2404.0	2224.0	2665.0	2274.0	2439.0	2831.0	2849.0	2724.0	2114.0	2874.0	3047.0	2933.0	2981.0	3029.0	2995.0	2936.0	3002.0	
J	2713.0	3170.0	3156.0	2905.0	2701.0	2226.0	2436.0	2238.0	2439.0	2206.0	2323.0	2375.0	2800.0	2842.0	2287.0	2023.0	2836.0	2982.0	2943.0	3098.0	3071.0	3030.0	2916.0	2933.0	
K	3159.0	3328.0	3071.0	3058.0	2961.0	2909.0	2984.0	2882.0	2745.0	2773.0	2925.0	3031.0	2865.0	2918.0	2700.0	2806.0	2981.0	3014.0	2981.0	3056.0	3081.0	2981.0	2849.0	2609.0	
L	3235.0	3302.0	3363.0	3051.0	2877.0	2811.0	2862.0	2877.0	2780.0	2812.0	3029.0	2993.0	2897.0	3015.0	2731.0	2373.0	3004.0	2343.0	3169.0	2439.0	2945.0	2391.0	2753.0	2713.0	
M	3478.0	3337.0	2637.0	3114.0	3402.0	3091.0	2996.0	3044.0	2481.0	2704.0	2446.0	2723.0	2648.0	2263.0	2862.0	3153.0	3071.0	3107.0	2955.0	3166.0	3091.0	2903.0	2734.0	2940.0	
N	3582.0	3625.0	3605.0	3453.0	3279.0	3118.0	3260.0	3167.0	2797.0	2336.0	2704.0	2682.0	2720.0	2263.0	2754.0	2428.0	3094.0	3176.0	3297.0	3501.0	3374.0	3519.0	3330.0	3254.0	
O	2787.0	2327.0	2250.0	2143.0	2217.0	2052.0	2179.0	2025.0	2904.0	2279.0	2330.0	2350.0	2485.0	2366.0	2492.0	2331.0	2713.0	2535.0	2857.0	2543.0	2763.0	2753.0	2554.0	3003.0	
P	2407.0	2373.0	2286.0	2349.0	2361.0	2382.0	2335.0	3124.0	3108.0	2986.0	2909.0	3071.0	2942.0	2972.0	2733.0	3153.0	3199.0	3322.0	3108.0	3322.0	2972.0	3758.0	2770.0	2985.0	

