Testname: Douglas Scientific
Date: 7/16/2018	Time: 8:28:16 PM
ID1: 00890018002017.00320180110.959152
No. of Channels / Multichromatics: 3
No. of Cycles: 1
Configuration: Fluorescence (Triple Em.)



Chromatic / Channel:	FAM
Cycle:	1
	1	2	3	4	5	6	7	8	9	10	11	12	13	14	15	16	17	18	19	20	21	22	23	24
A	21962.0	24230.0	25934.0	26356.0	24481.0	24580.0	24772.0	24682.0	23202.0	24390.0	24469.0	24571.0	6526.0	661.0	22094.0	22296.0	21831.0	23741.0	23244.0	23119.0	22228.0	20477.0	21155.0	17910.0	
B	24913.0	26468.0	23607.0	22965.0	20786.0	612.0	20098.0	21180.0	19108.0	19773.0	19528.0	21162.0	5325.0	4812.0	17674.0	19612.0	19073.0	21565.0	21385.0	20399.0	19710.0	21108.0	18692.0	20808.0	
C	12658.0	11818.0	12298.0	11492.0	11667.0	12204.0	11742.0	11639.0	11886.0	9997.0	10708.0	10867.0	5629.0	2799.0	7182.0	8787.0	8283.0	8863.0	8403.0	7988.0	9489.0	7906.0	8594.0	9322.0	
D	12166.0	11454.0	11865.0	11716.0	11778.0	11665.0	11246.0	11181.0	10887.0	10524.0	11162.0	10105.0	1409.0	2057.0	7220.0	7570.0	8372.0	8927.0	9176.0	7635.0	9216.0	7738.0	8140.0	7780.0	
E	18879.0	17472.0	17746.0	17648.0	5872.0	9427.0	571.0	11314.0	10471.0	10453.0	9748.0	7253.0	8611.0	6604.0	13474.0	14000.0	11468.0	11333.0	8722.0	8206.0	11240.0	9194.0	7841.0	9636.0	
F	18811.0	17988.0	18548.0	19215.0	11124.0	578.0	12635.0	10269.0	7553.0	8199.0	10848.0	7886.0	6069.0	642.0	14473.0	14728.0	11244.0	609.0	12132.0	566.0	10178.0	566.0	8853.0	516.0	
G	17831.0	17030.0	17182.0	16741.0	13705.0	12691.0	13931.0	11955.0	12996.0	13789.0	13229.0	13645.0	11406.0	12455.0	8433.0	12009.0	9555.0	11200.0	9696.0	10465.0	10723.0	8633.0	8756.0	9454.0	
H	18671.0	18029.0	17399.0	17333.0	12888.0	13404.0	13853.0	14639.0	13138.0	13536.0	13634.0	14027.0	13257.0	12768.0	10772.0	11116.0	10000.0	13142.0	11450.0	7766.0	10290.0	9530.0	9903.0	8631.0	
I	21635.0	19987.0	21254.0	19936.0	5482.0	8473.0	565.0	556.0	588.0	549.0	8300.0	560.0	19400.0	18959.0	17990.0	560.0	18455.0	19145.0	19518.0	18203.0	17243.0	17075.0	16827.0	16411.0	
J	20893.0	20692.0	19674.0	19596.0	13520.0	547.0	573.0	2027.0	1651.0	551.0	1894.0	555.0	19223.0	18686.0	598.0	540.0	17123.0	18980.0	17727.0	18430.0	17741.0	17864.0	17074.0	18009.0	
K	20479.0	20155.0	19439.0	19062.0	19604.0	18764.0	20479.0	20015.0	20822.0	19271.0	18285.0	17328.0	16563.0	17202.0	17752.0	18106.0	15733.0	16523.0	14962.0	15619.0	15225.0	14286.0	15083.0	14226.0	
L	21012.0	21149.0	20600.0	21491.0	21117.0	20212.0	20405.0	20295.0	21920.0	18748.0	18229.0	18661.0	17866.0	16477.0	17588.0	854.0	17239.0	593.0	16708.0	566.0	15175.0	555.0	14449.0	16274.0	
M	20948.0	19866.0	594.0	20235.0	10459.0	12329.0	11317.0	11040.0	14862.0	11791.0	10625.0	3730.0	9329.0	10111.0	14859.0	12589.0	14650.0	13928.0	14608.0	15103.0	16779.0	15942.0	588.0	16298.0	
N	21209.0	20488.0	20759.0	20987.0	12292.0	9198.0	11253.0	11735.0	2303.0	611.0	9636.0	580.0	11702.0	585.0	13586.0	877.0	15645.0	12613.0	15600.0	13618.0	18755.0	18139.0	18491.0	14874.0	
O	575.0	545.0	567.0	542.0	550.0	529.0	534.0	513.0	668.0	567.0	636.0	581.0	607.0	605.0	639.0	666.0	624.0	619.0	687.0	618.0	637.0	622.0	622.0	627.0	
P	496.0	550.0	582.0	593.0	585.0	542.0	559.0	676.0	688.0	664.0	689.0	14187.0	676.0	663.0	701.0	2610.0	940.0	677.0	685.0	690.0	678.0	661.0	678.0	658.0	

Chromatic / Channel:	VIC
Cycle:	1
	1	2	3	4	5	6	7	8	9	10	11	12	13	14	15	16	17	18	19	20	21	22	23	24
A	10341.0	11015.0	11926.0	11273.0	10183.0	9883.0	10096.0	10123.0	9385.0	9659.0	10446.0	10265.0	1932.0	770.0	7861.0	7809.0	8151.0	8542.0	8299.0	8352.0	8271.0	6570.0	6307.0	4941.0	
B	9830.0	10958.0	9244.0	9094.0	8073.0	617.0	7887.0	7949.0	7358.0	7352.0	7184.0	7561.0	1464.0	1465.0	6484.0	6965.0	7521.0	8022.0	7702.0	7149.0	7202.0	7396.0	5608.0	5727.0	
C	12937.0	11786.0	11763.0	11788.0	12306.0	12238.0	11644.0	12260.0	11740.0	11195.0	11644.0	11400.0	7620.0	5961.0	10345.0	11154.0	11520.0	12447.0	12362.0	11712.0	12280.0	10706.0	11683.0	11953.0	
D	12679.0	11582.0	11955.0	11795.0	11808.0	11637.0	12151.0	11508.0	11239.0	11035.0	11837.0	11139.0	2732.0	4539.0	10476.0	10632.0	11650.0	12318.0	12627.0	11795.0	12046.0	11094.0	11626.0	9581.0	
E	12865.0	11434.0	11575.0	11077.0	5997.0	4036.0	669.0	2689.0	4948.0	5439.0	2289.0	3561.0	2051.0	2016.0	10165.0	10396.0	11112.0	11879.0	10654.0	10277.0	10629.0	10018.0	9921.0	8631.0	
F	12538.0	12134.0	11862.0	12552.0	3559.0	572.0	4267.0	2569.0	4328.0	1934.0	2546.0	1865.0	3917.0	588.0	11309.0	11543.0	11417.0	624.0	10368.0	620.0	10697.0	598.0	10633.0	516.0	
G	11423.0	11425.0	10742.0	11121.0	11869.0	10825.0	11170.0	10684.0	11240.0	10916.0	11175.0	11333.0	10523.0	11020.0	10260.0	10473.0	10272.0	10285.0	10981.0	10166.0	10175.0	9888.0	9800.0	9952.0	
H	12256.0	11514.0	11553.0	11371.0	11111.0	11582.0	12346.0	11831.0	11528.0	11324.0	11694.0	11474.0	11128.0	10832.0	10292.0	10270.0	10494.0	11139.0	10038.0	10418.0	10239.0	9203.0	9941.0	9758.0	
I	12039.0	11177.0	10584.0	10708.0	1695.0	2144.0	620.0	632.0	667.0	627.0	5223.0	642.0	7239.0	6931.0	8722.0	562.0	8824.0	9537.0	8669.0	9884.0	8963.0	8613.0	8683.0	7906.0	
J	11785.0	11040.0	10090.0	10262.0	3499.0	543.0	618.0	4448.0	3209.0	537.0	2915.0	593.0	7146.0	7818.0	551.0	541.0	8686.0	9224.0	9502.0	8789.0	8889.0	8099.0	8115.0	8202.0	
K	10865.0	10071.0	10362.0	9679.0	6688.0	6484.0	7521.0	6721.0	6941.0	6668.0	9396.0	9352.0	9693.0	9233.0	8391.0	7910.0	9929.0	9509.0	8833.0	8605.0	8290.0	8301.0	7851.0	7112.0	
L	10944.0	11303.0	10742.0	10885.0	7022.0	6630.0	6820.0	6806.0	7369.0	6211.0	9969.0	8941.0	9177.0	9401.0	8552.0	555.0	9563.0	629.0	9272.0	563.0	9502.0	557.0	8256.0	7146.0	
M	12541.0	11518.0	607.0	12226.0	12550.0	11477.0	11745.0	11455.0	5639.0	5121.0	3106.0	2701.0	2827.0	3042.0	10934.0	11587.0	11151.0	11983.0	11885.0	11962.0	10990.0	11042.0	585.0	10215.0	
N	13356.0	13255.0	12590.0	12371.0	12363.0	10148.0	12226.0	12074.0	4678.0	619.0	3377.0	557.0	3477.0	582.0	11149.0	590.0	11608.0	11847.0	12494.0	12371.0	12053.0	12431.0	11528.0	11364.0	
O	395.0	375.0	401.0	367.0	369.0	338.0	385.0	348.0	691.0	570.0	630.0	580.0	631.0	602.0	656.0	606.0	690.0	691.0	765.0	688.0	710.0	685.0	713.0	711.0	
P	323.0	345.0	401.0	402.0	409.0	368.0	416.0	693.0	732.0	687.0	705.0	4988.0	712.0	687.0	710.0	4337.0	720.0	733.0	772.0	759.0	711.0	729.0	760.0	673.0	

Chromatic / Channel:	ROX
Cycle:	1
	1	2	3	4	5	6	7	8	9	10	11	12	13	14	15	16	17	18	19	20	21	22	23	24
A	3781.0	4134.0	4572.0	4256.0	4015.0	3873.0	4066.0	4061.0	3729.0	3927.0	4187.0	4248.0	3438.0	2926.0	3475.0	3449.0	3495.0	3680.0	3635.0	3577.0	3530.0	3157.0	3488.0	2855.0	
B	3575.0	4098.0	3441.0	3345.0	3102.0	2481.0	3022.0	3157.0	2947.0	2955.0	2957.0	3130.0	2421.0	2380.0	2669.0	2929.0	2967.0	3361.0	3210.0	3112.0	2993.0	3255.0	3027.0	3438.0	
C	3305.0	3040.0	3081.0	3050.0	3146.0	3135.0	3037.0	3175.0	3113.0	2923.0	3027.0	2926.0	2693.0	2440.0	2737.0	2915.0	3043.0	3231.0	3202.0	3007.0	3139.0	2705.0	2973.0	3008.0	
D	3177.0	2950.0	3086.0	3031.0	3052.0	2981.0	3148.0	2975.0	2961.0	2847.0	3025.0	2854.0	2400.0	2325.0	2750.0	2750.0	3022.0	3176.0	3205.0	3004.0	3055.0	2750.0	2925.0	2351.0	
E	3354.0	3034.0	3132.0	3064.0	2737.0	2582.0	2286.0	2597.0	2661.0	2716.0	2576.0	2532.0	2526.0	2362.0	2730.0	2787.0	2914.0	3055.0	2913.0	2730.0	2997.0	2701.0	2654.0	2335.0	
F	3256.0	3166.0	3193.0	3328.0	2676.0	2374.0	2818.0	2723.0	2655.0	2593.0	2727.0	2563.0	2552.0	2333.0	2971.0	3040.0	2962.0	2503.0	2941.0	2406.0	2883.0	2295.0	2840.0	1940.0	
G	3040.0	3016.0	2938.0	2990.0	3067.0	2856.0	2934.0	2822.0	2947.0	2906.0	2944.0	2958.0	2763.0	2861.0	2778.0	2872.0	2856.0	2914.0	2917.0	2739.0	2780.0	2708.0	2618.0	2599.0	
H	3326.0	3064.0	3078.0	3076.0	2967.0	3040.0	3233.0	3117.0	3079.0	2986.0	3066.0	2984.0	2903.0	2858.0	2782.0	2858.0	2838.0	3093.0	2856.0	2780.0	2757.0	2550.0	2688.0	2610.0	
I	3588.0	3180.0	3215.0	3138.0	2572.0	2667.0	2423.0	2433.0	2545.0	2394.0	2717.0	2432.0	2898.0	2780.0	2887.0	2280.0	2936.0	3133.0	3096.0	3007.0	2929.0	2835.0	2811.0	2521.0	
J	3423.0	3185.0	3030.0	3075.0	2724.0	2272.0	2441.0	2580.0	2545.0	2255.0	2420.0	2298.0	2845.0	2871.0	2239.0	2240.0	2826.0	3056.0	3010.0	2929.0	2865.0	2846.0	2705.0	2713.0	
K	3138.0	3046.0	3028.0	2954.0	2862.0	2769.0	3019.0	2943.0	3040.0	2856.0	2914.0	2822.0	2821.0	2794.0	2801.0	2805.0	2987.0	3070.0	2857.0	2821.0	2787.0	2664.0	2599.0	2443.0	
L	3162.0	3267.0	3130.0	3290.0	3049.0	2962.0	2995.0	2975.0	3250.0	2766.0	3092.0	2882.0	2895.0	2799.0	2839.0	2239.0	3130.0	2576.0	3116.0	2292.0	2921.0	2193.0	2693.0	2585.0	
M	3473.0	3301.0	2453.0	3395.0	3239.0	3027.0	3086.0	3026.0	3019.0	2828.0	2618.0	2441.0	2520.0	2591.0	2946.0	3063.0	3058.0	3213.0	3199.0	3218.0	3060.0	3043.0	2268.0	2811.0	
N	3767.0	3666.0	3547.0	3551.0	3304.0	3052.0	3271.0	3298.0	2863.0	2544.0	2797.0	2280.0	2695.0	2369.0	3031.0	2371.0	3258.0	3456.0	3500.0	3354.0	3410.0	3527.0	3320.0	3056.0	
O	2549.0	2287.0	2396.0	2242.0	2273.0	2112.0	2276.0	2130.0	2896.0	2345.0	2606.0	2364.0	2530.0	2457.0	2589.0	2438.0	2789.0	2823.0	3089.0	2735.0	2790.0	2693.0	2747.0	2737.0	
P	2086.0	2278.0	2542.0	2557.0	2573.0	2306.0	2494.0	2991.0	3093.0	2951.0	2950.0	3163.0	2920.0	2862.0	2910.0	2930.0	2919.0	3072.0	3173.0	3145.0	2887.0	2910.0	3055.0	2530.0	

