Testname: Douglas Scientific
Date: 7/16/2018	Time: 8:26:58 PM
ID1: 00890018002017.00320180110.959155
No. of Channels / Multichromatics: 3
No. of Cycles: 1
Configuration: Fluorescence (Triple Em.)



Chromatic / Channel:	FAM
Cycle:	1
	1	2	3	4	5	6	7	8	9	10	11	12	13	14	15	16	17	18	19	20	21	22	23	24
A	17027.0	21503.0	19308.0	18108.0	19435.0	19266.0	19188.0	19148.0	17585.0	16718.0	20306.0	17607.0	1433.0	2778.0	15607.0	15039.0	16966.0	14826.0	16315.0	15980.0	17025.0	17604.0	5517.0	12065.0	
B	17654.0	17855.0	18083.0	16364.0	16876.0	568.0	15309.0	15285.0	14807.0	15182.0	14842.0	16465.0	502.0	533.0	12991.0	13427.0	13545.0	14581.0	14903.0	14578.0	15218.0	16626.0	11695.0	8360.0	
C	194.0	327.0	608.0	297.0	53.0	139.0	129.0	549.0	91.0	38.0	56.0	-22.0	554.0	2321.0	731.0	574.0	43.0	-19.0	-100.0	98.0	-125.0	-108.0	-90.0	790.0	
D	213.0	275.0	265.0	305.0	340.0	-2.0	22.0	20.0	28.0	96.0	69.0	239.0	549.0	469.0	89.0	27.0	-1.0	-75.0	-9.0	540.0	-184.0	-151.0	-17.0	244.0	
E	8155.0	7074.0	8188.0	6197.0	4606.0	2603.0	548.0	2253.0	1931.0	1994.0	1785.0	2554.0	3511.0	1981.0	4721.0	4619.0	1554.0	1126.0	2391.0	3086.0	3694.0	1992.0	2869.0	2961.0	
F	9147.0	7183.0	7394.0	584.0	521.0	545.0	4872.0	2938.0	1372.0	525.0	553.0	527.0	2370.0	562.0	3350.0	4447.0	1867.0	590.0	4053.0	568.0	3005.0	546.0	389.0	565.0	
G	7516.0	7754.0	6042.0	5717.0	4378.0	3795.0	4740.0	3513.0	4089.0	3746.0	4352.0	2019.0	4513.0	5617.0	4161.0	1547.0	2249.0	4385.0	3974.0	4443.0	1635.0	587.0	1288.0	2187.0	
H	9339.0	7744.0	7174.0	6195.0	3752.0	2819.0	5683.0	4487.0	3384.0	2851.0	3861.0	4599.0	2529.0	3120.0	3048.0	1938.0	3269.0	1029.0	4404.0	2562.0	3218.0	2253.0	3414.0	2264.0	
I	14723.0	12872.0	12350.0	11245.0	947.0	553.0	495.0	749.0	750.0	980.0	536.0	483.0	12786.0	13269.0	9452.0	509.0	10576.0	10604.0	9783.0	10693.0	11044.0	10795.0	13502.0	11824.0	
J	14290.0	14514.0	12326.0	12567.0	2237.0	545.0	553.0	544.0	1761.0	568.0	545.0	539.0	13192.0	14465.0	606.0	563.0	10295.0	11063.0	11425.0	11033.0	12412.0	11552.0	12023.0	11897.0	
K	12256.0	14350.0	13056.0	11611.0	15152.0	14285.0	14354.0	13144.0	14317.0	14522.0	10685.0	10496.0	9755.0	11277.0	11921.0	10931.0	10710.0	10040.0	7773.0	9057.0	10771.0	8962.0	11104.0	9633.0	
L	13761.0	12521.0	12715.0	11555.0	15370.0	13411.0	13914.0	14689.0	13153.0	14203.0	11352.0	11564.0	11581.0	11210.0	11437.0	543.0	11748.0	574.0	10922.0	572.0	8684.0	576.0	12947.0	10342.0	
M	10114.0	9910.0	642.0	10726.0	3529.0	2070.0	2976.0	1957.0	1980.0	4140.0	920.0	4502.0	5620.0	5988.0	5758.0	7818.0	7758.0	6834.0	5556.0	6699.0	6408.0	6790.0	541.0	9450.0	
N	10831.0	10459.0	11643.0	10387.0	3537.0	608.0	2368.0	600.0	2342.0	595.0	3914.0	582.0	615.0	588.0	7925.0	562.0	9202.0	3909.0	5940.0	8547.0	6986.0	7817.0	9352.0	10680.0	
O	555.0	538.0	538.0	503.0	517.0	526.0	528.0	520.0	638.0	587.0	598.0	558.0	595.0	613.0	631.0	585.0	647.0	684.0	580.0	624.0	629.0	613.0	620.0	683.0	
P	534.0	708.0	522.0	503.0	536.0	550.0	533.0	682.0	675.0	678.0	652.0	660.0	634.0	677.0	666.0	664.0	700.0	699.0	662.0	681.0	662.0	745.0	628.0	706.0	

Chromatic / Channel:	VIC
Cycle:	1
	1	2	3	4	5	6	7	8	9	10	11	12	13	14	15	16	17	18	19	20	21	22	23	24
A	2028.0	2559.0	2307.0	2130.0	2370.0	2509.0	2305.0	2676.0	2308.0	2306.0	2502.0	2239.0	783.0	838.0	1955.0	2222.0	2813.0	2697.0	2064.0	1994.0	2145.0	2170.0	1207.0	1527.0	
B	2080.0	2130.0	2068.0	1922.0	2044.0	568.0	1810.0	1838.0	1962.0	1867.0	1785.0	2034.0	586.0	576.0	1643.0	1657.0	2232.0	1969.0	1838.0	1846.0	1886.0	2058.0	1527.0	1290.0	
C	7491.0	7454.0	8142.0	6116.0	9552.0	10030.0	9468.0	8840.0	9272.0	9106.0	9067.0	9429.0	573.0	1193.0	7496.0	7371.0	8569.0	7232.0	8562.0	8169.0	9978.0	8614.0	9962.0	10128.0	
D	8758.0	8243.0	8379.0	6164.0	9795.0	9713.0	10502.0	9762.0	9223.0	9286.0	9642.0	9405.0	592.0	1199.0	6674.0	8064.0	8962.0	8920.0	8063.0	8457.0	9611.0	9515.0	9653.0	9241.0	
E	5889.0	6239.0	5933.0	5311.0	1334.0	1070.0	583.0	693.0	664.0	1408.0	1533.0	2142.0	1025.0	691.0	8141.0	8127.0	8599.0	9056.0	6818.0	6941.0	7152.0	7004.0	7019.0	7396.0	
F	6899.0	5282.0	6035.0	573.0	534.0	525.0	876.0	732.0	1004.0	1054.0	591.0	572.0	715.0	573.0	8837.0	8183.0	8806.0	566.0	7194.0	563.0	6573.0	531.0	7560.0	529.0	
G	7280.0	5537.0	5132.0	5217.0	8555.0	8804.0	9248.0	8829.0	8548.0	9074.0	8565.0	8608.0	8449.0	8694.0	7107.0	6735.0	7681.0	6349.0	7113.0	6719.0	7014.0	7399.0	6890.0	7998.0	
H	6522.0	5404.0	5039.0	5193.0	8191.0	8564.0	8583.0	8355.0	8702.0	8886.0	8654.0	8741.0	8649.0	8856.0	6961.0	5845.0	6442.0	7314.0	5766.0	6339.0	7090.0	7231.0	6868.0	6886.0	
I	5552.0	4752.0	3308.0	4185.0	584.0	597.0	1181.0	595.0	597.0	616.0	593.0	1304.0	2793.0	2342.0	4863.0	485.0	3870.0	4204.0	4051.0	3983.0	4250.0	4544.0	3158.0	4596.0	
J	5179.0	5281.0	4074.0	4029.0	1511.0	517.0	590.0	536.0	643.0	559.0	576.0	586.0	2533.0	3176.0	586.0	523.0	4570.0	4567.0	4127.0	3834.0	4609.0	4410.0	4566.0	4774.0	
K	4225.0	5463.0	4093.0	3785.0	1778.0	1635.0	2086.0	1659.0	1665.0	1666.0	4629.0	5147.0	5235.0	4273.0	4038.0	4347.0	4401.0	4312.0	3916.0	4231.0	3907.0	4967.0	3474.0	3613.0	
L	4458.0	3874.0	3586.0	3624.0	1746.0	1578.0	1832.0	1678.0	1565.0	1857.0	5491.0	5508.0	5754.0	6072.0	3422.0	518.0	4542.0	544.0	3453.0	527.0	4959.0	535.0	2915.0	3086.0	
M	6161.0	4531.0	643.0	5156.0	9416.0	8644.0	8353.0	9045.0	2021.0	1728.0	613.0	838.0	982.0	986.0	8612.0	7986.0	7743.0	8258.0	6887.0	7857.0	8219.0	8033.0	532.0	7742.0	
N	5204.0	5735.0	5552.0	4053.0	10155.0	608.0	9219.0	562.0	1159.0	558.0	849.0	561.0	594.0	602.0	6822.0	540.0	7846.0	6662.0	6849.0	7468.0	8654.0	8593.0	8739.0	9751.0	
O	380.0	365.0	342.0	286.0	345.0	338.0	366.0	330.0	667.0	559.0	559.0	541.0	611.0	617.0	650.0	587.0	700.0	705.0	596.0	638.0	666.0	678.0	675.0	763.0	
P	347.0	746.0	326.0	307.0	372.0	384.0	370.0	701.0	704.0	727.0	676.0	690.0	684.0	712.0	684.0	695.0	741.0	758.0	682.0	727.0	695.0	798.0	706.0	758.0	

Chromatic / Channel:	ROX
Cycle:	1
	1	2	3	4	5	6	7	8	9	10	11	12	13	14	15	16	17	18	19	20	21	22	23	24
A	3141.0	3843.0	3486.0	3160.0	3208.0	3170.0	3007.0	3053.0	2820.0	2759.0	3375.0	2809.0	2778.0	2643.0	2885.0	2826.0	3282.0	2913.0	3082.0	2889.0	3188.0	3066.0	3358.0	2687.0	
B	3142.0	3294.0	2991.0	2787.0	2660.0	2333.0	2496.0	2549.0	2407.0	2383.0	2343.0	2646.0	2187.0	2200.0	2427.0	2448.0	2429.0	2549.0	2554.0	2442.0	2713.0	2941.0	2971.0	2929.0	
C	2864.0	2854.0	2838.0	2645.0	2635.0	2726.0	2607.0	2352.0	2521.0	2480.0	2504.0	2563.0	2186.0	2227.0	2464.0	2283.0	2621.0	2478.0	2640.0	2466.0	2825.0	2639.0	2790.0	2909.0	
D	2852.0	2893.0	2857.0	2649.0	2704.0	2687.0	2817.0	2650.0	2551.0	2528.0	2606.0	2578.0	2226.0	2236.0	2363.0	2430.0	2663.0	2735.0	2609.0	2548.0	2762.0	2677.0	2747.0	2662.0	
E	2878.0	2799.0	2778.0	2636.0	2457.0	2369.0	2307.0	2276.0	2230.0	2235.0	2240.0	2297.0	2427.0	2240.0	2541.0	2488.0	2555.0	2591.0	2416.0	2495.0	2649.0	2400.0	2376.0	2500.0	
F	2943.0	2827.0	2732.0	2472.0	2186.0	2254.0	2481.0	2321.0	2201.0	2287.0	2283.0	2234.0	2330.0	2301.0	2630.0	2563.0	2585.0	2265.0	2514.0	2228.0	2419.0	2133.0	2478.0	2131.0	
G	2881.0	2787.0	2578.0	2592.0	2602.0	2752.0	2790.0	2693.0	2606.0	2662.0	2664.0	2621.0	2578.0	2762.0	2634.0	2524.0	2619.0	2572.0	2613.0	2568.0	2557.0	2548.0	2517.0	2636.0	
H	2935.0	2802.0	2712.0	2637.0	2585.0	2697.0	2767.0	2646.0	2683.0	2659.0	2678.0	2723.0	2675.0	2673.0	2659.0	2242.0	2378.0	2428.0	2352.0	2293.0	2586.0	2487.0	2533.0	2444.0	
I	3174.0	2970.0	2587.0	2718.0	2290.0	2380.0	2300.0	2340.0	2310.0	2293.0	2279.0	2322.0	2549.0	2609.0	2433.0	1990.0	2577.0	2477.0	2264.0	2373.0	2569.0	2658.0	2674.0	2507.0	
J	3126.0	3102.0	2789.0	2800.0	2450.0	2293.0	2371.0	2274.0	2223.0	2331.0	2285.0	2378.0	2634.0	2809.0	2403.0	2124.0	2735.0	2611.0	2452.0	2510.0	2746.0	2611.0	2730.0	2590.0	
K	2877.0	3014.0	2675.0	2639.0	2659.0	2602.0	2586.0	2528.0	2567.0	2593.0	2482.0	2591.0	2463.0	2535.0	2636.0	2557.0	2724.0	2574.0	2148.0	2321.0	2472.0	2502.0	2467.0	2156.0	
L	2980.0	2948.0	2775.0	2736.0	2664.0	2623.0	2678.0	2592.0	2565.0	2613.0	2694.0	2651.0	2684.0	2789.0	2574.0	2156.0	2745.0	2220.0	2347.0	2173.0	2488.0	2269.0	2633.0	2267.0	
M	3108.0	3097.0	2723.0	3075.0	3111.0	2809.0	2834.0	2873.0	2486.0	2605.0	2215.0	2332.0	2531.0	2546.0	2877.0	2783.0	2904.0	2989.0	2453.0	2698.0	2571.0	2632.0	2230.0	2668.0	
N	3206.0	3228.0	3170.0	2894.0	3167.0	2602.0	2904.0	2320.0	2337.0	2298.0	2536.0	2319.0	2417.0	2501.0	2663.0	2076.0	2966.0	2573.0	2617.0	2824.0	2883.0	2912.0	2983.0	3434.0	
O	2527.0	2314.0	2239.0	1934.0	2230.0	2181.0	2252.0	2120.0	2737.0	2252.0	2242.0	2212.0	2494.0	2475.0	2509.0	2259.0	2842.0	2835.0	2361.0	2579.0	2716.0	2752.0	2749.0	3150.0	
P	2268.0	3236.0	2171.0	2083.0	2443.0	2457.0	2373.0	3034.0	3032.0	3117.0	2873.0	2945.0	2870.0	3032.0	2806.0	2851.0	3067.0	3103.0	2841.0	2973.0	2884.0	3376.0	2877.0	3006.0	

