Testname: Douglas Scientific
Date: 7/16/2018	Time: 8:27:27 PM
ID1: 00890018002017.00320180110.959154
No. of Channels / Multichromatics: 3
No. of Cycles: 1
Configuration: Fluorescence (Triple Em.)



Chromatic / Channel:	FAM
Cycle:	1
	1	2	3	4	5	6	7	8	9	10	11	12	13	14	15	16	17	18	19	20	21	22	23	24
A	17048.0	21741.0	20994.0	19440.0	21233.0	19732.0	18567.0	18252.0	17719.0	19536.0	20139.0	18691.0	2982.0	3632.0	18840.0	16808.0	16906.0	16958.0	18173.0	18126.0	19436.0	19486.0	16206.0	14390.0	
B	18054.0	21843.0	19729.0	19262.0	17828.0	547.0	16480.0	16199.0	16239.0	15703.0	15759.0	15778.0	490.0	2067.0	13944.0	14408.0	12606.0	14312.0	14121.0	15707.0	15440.0	14980.0	10603.0	11347.0	
C	58.0	127.0	139.0	82.0	-271.0	-116.0	-27.0	32.0	939.0	-116.0	493.0	-87.0	500.0	499.0	-220.0	495.0	-173.0	-372.0	-360.0	-193.0	-290.0	-230.0	-73.0	212.0	
D	118.0	231.0	190.0	-38.0	784.0	-199.0	897.0	244.0	320.0	23.0	-31.0	-5.0	1901.0	1739.0	-257.0	-201.0	-255.0	-308.0	-245.0	-118.0	-169.0	-97.0	-33.0	193.0	
E	10431.0	8187.0	10083.0	8628.0	5308.0	3898.0	380.0	497.0	3980.0	3327.0	5463.0	511.0	401.0	4122.0	4967.0	6376.0	2014.0	2993.0	1550.0	3072.0	2939.0	2851.0	2516.0	3765.0	
F	9725.0	9922.0	7283.0	553.0	4087.0	498.0	4112.0	2708.0	5293.0	2449.0	507.0	3810.0	2379.0	548.0	7911.0	6665.0	2882.0	526.0	4266.0	515.0	6219.0	474.0	2156.0	519.0	
G	10034.0	9762.0	7417.0	8980.0	5415.0	5289.0	6338.0	4957.0	3639.0	4622.0	4629.0	4226.0	5516.0	5330.0	2482.0	1688.0	4270.0	1868.0	5005.0	5023.0	4852.0	1203.0	2911.0	2624.0	
H	9902.0	8263.0	9859.0	6822.0	6592.0	6128.0	3700.0	4312.0	5375.0	4192.0	3184.0	4091.0	4672.0	6753.0	2344.0	2849.0	3488.0	3809.0	2271.0	496.0	2469.0	4573.0	4295.0	3785.0	
I	14273.0	13514.0	13353.0	12963.0	2983.0	934.0	502.0	1307.0	433.0	486.0	480.0	466.0	14183.0	13240.0	11404.0	499.0	10899.0	12574.0	11801.0	10879.0	11150.0	9433.0	11378.0	11694.0	
J	14676.0	12684.0	13601.0	13281.0	2676.0	471.0	468.0	488.0	514.0	509.0	312.0	1661.0	13215.0	13782.0	506.0	515.0	13126.0	13715.0	11282.0	12408.0	11633.0	11552.0	12475.0	11480.0	
K	13511.0	12464.0	13718.0	12884.0	15018.0	14216.0	14217.0	14379.0	14342.0	14970.0	11788.0	12404.0	12004.0	12333.0	11093.0	11643.0	9394.0	11460.0	9449.0	10955.0	9339.0	10400.0	10961.0	9886.0	
L	13495.0	13697.0	14387.0	13945.0	14837.0	14574.0	15140.0	14131.0	15321.0	14668.0	12988.0	13062.0	10948.0	10800.0	11651.0	504.0	11584.0	542.0	11001.0	512.0	11674.0	512.0	9395.0	12516.0	
M	11369.0	11041.0	609.0	10827.0	1969.0	1482.0	606.0	2655.0	4364.0	1719.0	6344.0	5830.0	7075.0	8040.0	7877.0	8165.0	8372.0	8358.0	7959.0	7575.0	9641.0	9035.0	523.0	10860.0	
N	12140.0	11884.0	13059.0	11937.0	983.0	268.0	643.0	1872.0	5292.0	556.0	3272.0	502.0	2195.0	530.0	5973.0	538.0	8770.0	7655.0	6776.0	6528.0	10483.0	9064.0	7958.0	11406.0	
O	508.0	481.0	490.0	493.0	502.0	473.0	482.0	487.0	586.0	560.0	549.0	546.0	558.0	534.0	572.0	545.0	548.0	527.0	552.0	560.0	614.0	571.0	532.0	665.0	
P	469.0	474.0	477.0	498.0	515.0	503.0	530.0	635.0	614.0	580.0	594.0	610.0	580.0	589.0	610.0	676.0	608.0	646.0	594.0	660.0	639.0	667.0	602.0	628.0	

Chromatic / Channel:	VIC
Cycle:	1
	1	2	3	4	5	6	7	8	9	10	11	12	13	14	15	16	17	18	19	20	21	22	23	24
A	2015.0	2709.0	2722.0	2446.0	3030.0	2513.0	2610.0	2873.0	2289.0	2492.0	2692.0	2688.0	925.0	914.0	2433.0	2342.0	2108.0	2970.0	2307.0	2340.0	2445.0	2515.0	2052.0	1758.0	
B	2216.0	2683.0	2505.0	2412.0	2275.0	565.0	2056.0	2062.0	2069.0	2064.0	2058.0	2033.0	558.0	687.0	1756.0	1899.0	2188.0	2368.0	1823.0	2011.0	1969.0	1866.0	1367.0	1600.0	
C	8552.0	8585.0	8240.0	7982.0	9645.0	9724.0	9394.0	9255.0	9148.0	8748.0	9082.0	9171.0	564.0	556.0	8475.0	8287.0	7999.0	8067.0	8108.0	7842.0	8794.0	8578.0	8695.0	10367.0	
D	8915.0	8353.0	8530.0	7986.0	8405.0	9536.0	9870.0	9808.0	9300.0	9171.0	9133.0	9302.0	1316.0	1206.0	7948.0	8648.0	8339.0	8166.0	8085.0	7579.0	8515.0	8188.0	8645.0	8799.0	
E	6282.0	6206.0	6941.0	6166.0	897.0	761.0	1582.0	542.0	1569.0	731.0	2558.0	548.0	1301.0	1638.0	7912.0	7592.0	8169.0	7832.0	7006.0	6445.0	6275.0	5957.0	6129.0	6662.0	
F	7534.0	6766.0	7932.0	562.0	1484.0	483.0	816.0	719.0	865.0	668.0	543.0	765.0	680.0	550.0	8208.0	8799.0	8566.0	535.0	6443.0	499.0	6957.0	466.0	6354.0	477.0	
G	6797.0	6286.0	6794.0	6648.0	8228.0	8040.0	8313.0	8139.0	8371.0	8635.0	8122.0	8441.0	8132.0	8843.0	7386.0	7349.0	6155.0	7466.0	6352.0	6724.0	6413.0	6770.0	6098.0	6759.0	
H	6903.0	6060.0	6457.0	5977.0	7504.0	7853.0	8619.0	8270.0	8349.0	8530.0	8552.0	7575.0	8426.0	8660.0	7185.0	6792.0	7795.0	6684.0	7392.0	6380.0	6446.0	5685.0	6053.0	6652.0	
I	5038.0	4877.0	4667.0	4020.0	712.0	1716.0	572.0	1312.0	1141.0	546.0	534.0	537.0	2988.0	2874.0	4635.0	496.0	4281.0	4120.0	3669.0	3612.0	3891.0	3013.0	4164.0	4475.0	
J	5430.0	4608.0	5289.0	4260.0	735.0	478.0	538.0	492.0	549.0	517.0	2138.0	612.0	3132.0	2733.0	492.0	495.0	3196.0	3511.0	4331.0	3277.0	3736.0	4611.0	3257.0	4731.0	
K	4975.0	4846.0	4838.0	5384.0	1809.0	1760.0	1749.0	1702.0	1855.0	2112.0	4538.0	5440.0	4624.0	5094.0	4579.0	4680.0	4485.0	5264.0	4222.0	3824.0	4838.0	4278.0	2999.0	4426.0	
L	3973.0	4858.0	5772.0	4567.0	1761.0	1721.0	1776.0	1679.0	1822.0	1739.0	4500.0	4658.0	5949.0	6293.0	5147.0	488.0	4872.0	515.0	3665.0	481.0	4896.0	484.0	3366.0	4257.0	
M	6367.0	5275.0	595.0	6591.0	9474.0	8909.0	9116.0	9223.0	848.0	668.0	962.0	945.0	1038.0	1105.0	7736.0	7916.0	7705.0	7558.0	7061.0	7462.0	7765.0	7891.0	501.0	8955.0	
N	6217.0	5932.0	5681.0	5452.0	8233.0	3825.0	9401.0	8691.0	924.0	541.0	1603.0	496.0	661.0	519.0	7966.0	526.0	7101.0	4947.0	6909.0	7796.0	7785.0	8605.0	8433.0	9039.0	
O	388.0	315.0	357.0	354.0	365.0	322.0	365.0	347.0	622.0	550.0	563.0	551.0	577.0	541.0	587.0	551.0	584.0	518.0	558.0	572.0	602.0	567.0	514.0	702.0	
P	354.0	342.0	364.0	437.0	379.0	389.0	421.0	701.0	661.0	619.0	630.0	640.0	619.0	622.0	620.0	689.0	612.0	663.0	624.0	687.0	659.0	705.0	627.0	641.0	

Chromatic / Channel:	ROX
Cycle:	1
	1	2	3	4	5	6	7	8	9	10	11	12	13	14	15	16	17	18	19	20	21	22	23	24
A	2691.0	3460.0	3272.0	3107.0	3308.0	3039.0	2822.0	2915.0	2807.0	3058.0	3203.0	3036.0	2996.0	2770.0	3153.0	2844.0	3016.0	2825.0	3023.0	2987.0	3247.0	3210.0	3456.0	2780.0	
B	2778.0	3461.0	2974.0	2957.0	2715.0	2213.0	2383.0	2476.0	2471.0	2370.0	2392.0	2397.0	2048.0	2194.0	2298.0	2358.0	2150.0	2400.0	2322.0	2488.0	2491.0	2560.0	2511.0	3343.0	
C	2553.0	2596.0	2594.0	2440.0	2546.0	2551.0	2456.0	2383.0	2420.0	2308.0	2434.0	2391.0	2073.0	2094.0	2456.0	2401.0	2361.0	2360.0	2382.0	2291.0	2461.0	2402.0	2449.0	2916.0	
D	2504.0	2466.0	2590.0	2462.0	2206.0	2481.0	2611.0	2544.0	2449.0	2364.0	2381.0	2411.0	1912.0	2129.0	2307.0	2414.0	2431.0	2464.0	2321.0	2246.0	2363.0	2295.0	2431.0	2456.0	
E	2530.0	2344.0	2605.0	2481.0	2274.0	2039.0	2072.0	2064.0	2190.0	2060.0	2222.0	2041.0	2058.0	2162.0	2354.0	2402.0	2311.0	2302.0	2228.0	2187.0	2262.0	2086.0	2185.0	2245.0	
F	2667.0	2641.0	2757.0	2278.0	1899.0	1995.0	2269.0	2215.0	2169.0	2179.0	2092.0	2100.0	2176.0	2206.0	2588.0	2600.0	2386.0	2116.0	2244.0	2004.0	2425.0	1896.0	2269.0	1997.0	
G	2580.0	2472.0	2619.0	2530.0	2418.0	2343.0	2448.0	2367.0	2378.0	2436.0	2358.0	2356.0	2392.0	2562.0	2384.0	2398.0	2302.0	2343.0	2275.0	2318.0	2259.0	2189.0	2118.0	2393.0	
H	2575.0	2404.0	2537.0	2316.0	2317.0	2376.0	2496.0	2428.0	2526.0	2435.0	2412.0	2191.0	2422.0	2575.0	2376.0	2267.0	2402.0	2314.0	2316.0	2109.0	2116.0	2090.0	2150.0	2283.0	
I	2650.0	2533.0	2521.0	2414.0	2139.0	2039.0	2232.0	2157.0	2164.0	2047.0	2038.0	2012.0	2416.0	2477.0	2384.0	1995.0	2248.0	2388.0	2198.0	2090.0	2128.0	1827.0	2161.0	2286.0	
J	2667.0	2397.0	2610.0	2506.0	2187.0	1979.0	2131.0	2047.0	2127.0	2095.0	2091.0	2092.0	2366.0	2382.0	2049.0	2028.0	2352.0	2386.0	2325.0	2294.0	2208.0	2395.0	2343.0	2343.0	
K	2491.0	2390.0	2577.0	2522.0	2394.0	2337.0	2457.0	2444.0	2376.0	2462.0	2265.0	2482.0	2315.0	2387.0	2376.0	2331.0	2222.0	2441.0	2200.0	2271.0	2201.0	2283.0	2123.0	2206.0	
L	2439.0	2563.0	2823.0	2673.0	2481.0	2521.0	2523.0	2444.0	2459.0	2379.0	2368.0	2361.0	2385.0	2535.0	2459.0	1981.0	2446.0	2122.0	2305.0	1972.0	2622.0	1961.0	2059.0	2340.0	
M	2685.0	2576.0	2460.0	2737.0	2770.0	2606.0	2685.0	2796.0	2369.0	2268.0	2261.0	2297.0	2290.0	2360.0	2542.0	2587.0	2661.0	2564.0	2489.0	2461.0	2534.0	2514.0	2038.0	2773.0	
N	2719.0	2646.0	2741.0	2769.0	2432.0	2475.0	2743.0	2694.0	2377.0	2233.0	2186.0	2043.0	2142.0	2165.0	2543.0	2129.0	2404.0	2396.0	2409.0	2632.0	2627.0	2757.0	2599.0	2955.0	
O	2236.0	1821.0	1995.0	2013.0	2066.0	1869.0	2014.0	1945.0	2532.0	2272.0	2273.0	2254.0	2343.0	2235.0	2353.0	2204.0	2349.0	2118.0	2277.0	2300.0	2452.0	2291.0	2069.0	2874.0	
P	2029.0	1961.0	2082.0	2370.0	2266.0	2213.0	2360.0	2989.0	2811.0	2622.0	2644.0	2718.0	2649.0	2628.0	2537.0	2869.0	2568.0	2777.0	2551.0	2862.0	2736.0	2922.0	2611.0	2595.0	

