Testname: Douglas Scientific
Date: 7/16/2018	Time: 8:27:53 PM
ID1: 00890018002017.00320180110.959153
No. of Channels / Multichromatics: 3
No. of Cycles: 1
Configuration: Fluorescence (Triple Em.)



Chromatic / Channel:	FAM
Cycle:	1
	1	2	3	4	5	6	7	8	9	10	11	12	13	14	15	16	17	18	19	20	21	22	23	24
A	16552.0	20129.0	22290.0	21065.0	21558.0	20963.0	19190.0	16298.0	17137.0	20019.0	18020.0	17183.0	806.0	583.0	18489.0	17829.0	18109.0	14372.0	15930.0	15216.0	16515.0	15925.0	13607.0	9999.0	
B	18465.0	24612.0	24764.0	21229.0	19260.0	555.0	15052.0	16868.0	17075.0	15270.0	14402.0	15760.0	1049.0	501.0	14049.0	13067.0	13373.0	15153.0	14904.0	14013.0	15169.0	15001.0	11768.0	8809.0	
C	181.0	264.0	261.0	262.0	-19.0	42.0	248.0	37.0	-1.0	42.0	122.0	487.0	1693.0	1633.0	18.0	712.0	-105.0	-131.0	-90.0	171.0	16.0	67.0	120.0	323.0	
D	278.0	761.0	344.0	272.0	43.0	-4.0	54.0	994.0	62.0	152.0	128.0	162.0	477.0	2284.0	617.0	106.0	-26.0	-23.0	-15.0	27.0	90.0	3.0	488.0	178.0	
E	8337.0	7354.0	7939.0	7117.0	3560.0	1751.0	509.0	3455.0	5105.0	4718.0	1766.0	2288.0	1630.0	2515.0	7235.0	5639.0	2147.0	1540.0	2338.0	866.0	4028.0	1477.0	3139.0	2600.0	
F	9900.0	7877.0	8325.0	575.0	2249.0	526.0	2487.0	570.0	4343.0	564.0	524.0	6809.0	2782.0	535.0	9452.0	5358.0	1528.0	530.0	2907.0	492.0	1099.0	510.0	2443.0	511.0	
G	8866.0	7916.0	7306.0	6494.0	4750.0	3423.0	4859.0	3748.0	5937.0	5586.0	5547.0	1053.0	4225.0	5022.0	2843.0	3750.0	2206.0	4114.0	1311.0	3584.0	3687.0	1718.0	3052.0	1963.0	
H	6985.0	8333.0	7275.0	7487.0	3785.0	5824.0	4150.0	5475.0	3593.0	4451.0	3574.0	6107.0	7917.0	5298.0	3255.0	3037.0	3874.0	5271.0	1434.0	2016.0	1092.0	2873.0	4884.0	3567.0	
I	13211.0	13186.0	12947.0	13500.0	2990.0	5463.0	518.0	1921.0	538.0	1948.0	509.0	502.0	13552.0	13389.0	11418.0	492.0	10659.0	12723.0	12526.0	11664.0	10123.0	10547.0	11459.0	9760.0	
J	12993.0	12206.0	12395.0	12060.0	4472.0	507.0	514.0	530.0	524.0	503.0	458.0	2254.0	12589.0	13281.0	536.0	504.0	11962.0	13129.0	11713.0	11206.0	12450.0	10393.0	13675.0	10639.0	
K	13725.0	13473.0	13072.0	12595.0	14031.0	14178.0	14837.0	14605.0	14208.0	13110.0	11567.0	11625.0	10770.0	10682.0	12120.0	11759.0	9983.0	10519.0	11728.0	11855.0	11177.0	10970.0	9777.0	10234.0	
L	13493.0	12856.0	13302.0	14011.0	14354.0	14128.0	13997.0	14566.0	15291.0	14473.0	12420.0	12918.0	11172.0	12322.0	12688.0	536.0	10120.0	541.0	12115.0	524.0	10906.0	515.0	10885.0	10396.0	
M	11638.0	8263.0	544.0	11360.0	3201.0	2679.0	2385.0	2088.0	3281.0	2779.0	5796.0	4234.0	6859.0	2855.0	7493.0	7382.0	6032.0	6113.0	7493.0	7198.0	8343.0	9694.0	521.0	7622.0	
N	12854.0	11701.0	11102.0	13019.0	2488.0	462.0	2007.0	599.0	8871.0	573.0	5876.0	533.0	4265.0	554.0	7280.0	530.0	9363.0	5790.0	6728.0	6897.0	10251.0	10165.0	8628.0	9827.0	
O	485.0	468.0	471.0	464.0	471.0	472.0	483.0	497.0	619.0	560.0	536.0	520.0	538.0	552.0	580.0	540.0	574.0	545.0	543.0	531.0	585.0	565.0	542.0	590.0	
P	456.0	581.0	476.0	483.0	491.0	491.0	512.0	618.0	645.0	587.0	576.0	592.0	600.0	708.0	594.0	576.0	563.0	616.0	569.0	629.0	561.0	602.0	582.0	623.0	

Chromatic / Channel:	VIC
Cycle:	1
	1	2	3	4	5	6	7	8	9	10	11	12	13	14	15	16	17	18	19	20	21	22	23	24
A	1988.0	2479.0	2740.0	2634.0	2761.0	2972.0	2552.0	2155.0	2212.0	2582.0	2327.0	2187.0	665.0	684.0	2312.0	2256.0	2809.0	2380.0	2042.0	1949.0	2107.0	2009.0	1731.0	1310.0	
B	2233.0	2980.0	3087.0	2638.0	2403.0	548.0	2294.0	2135.0	2438.0	1941.0	1809.0	2184.0	564.0	552.0	1747.0	1956.0	1916.0	1926.0	1886.0	1881.0	1863.0	1915.0	1478.0	1261.0	
C	8121.0	8417.0	8275.0	7176.0	9529.0	9273.0	9207.0	9603.0	9619.0	8551.0	8967.0	8717.0	2174.0	1241.0	8026.0	7893.0	8266.0	7964.0	8684.0	7351.0	8753.0	8029.0	8916.0	8698.0	
D	7812.0	7081.0	7628.0	7094.0	9621.0	8673.0	9254.0	9769.0	9388.0	8588.0	9119.0	8804.0	1085.0	1809.0	7587.0	7648.0	8159.0	8406.0	8084.0	7929.0	8804.0	8026.0	8298.0	7822.0	
E	6459.0	5566.0	5800.0	5813.0	1611.0	1464.0	535.0	776.0	860.0	877.0	1416.0	622.0	614.0	650.0	7790.0	7439.0	7946.0	7728.0	6362.0	6150.0	5318.0	5849.0	6084.0	6330.0	
F	5646.0	6337.0	6043.0	528.0	676.0	490.0	1281.0	570.0	820.0	543.0	548.0	981.0	677.0	519.0	7736.0	8382.0	8597.0	505.0	6904.0	507.0	7577.0	506.0	6586.0	462.0	
G	5941.0	5631.0	5374.0	6383.0	7606.0	8470.0	8741.0	8480.0	8233.0	8548.0	7996.0	8102.0	7467.0	8360.0	6804.0	6896.0	7038.0	6783.0	6962.0	6822.0	6815.0	7031.0	6640.0	6810.0	
H	7294.0	5601.0	6228.0	5493.0	8134.0	7914.0	8546.0	7979.0	8323.0	8449.0	8364.0	8133.0	7800.0	7770.0	6501.0	6099.0	6515.0	6037.0	7182.0	6535.0	6953.0	6230.0	6601.0	5965.0	
I	4931.0	5072.0	4823.0	4420.0	1334.0	855.0	543.0	655.0	566.0	643.0	537.0	528.0	3165.0	2161.0	5041.0	486.0	4935.0	4029.0	4615.0	3847.0	5148.0	5597.0	4447.0	3901.0	
J	5819.0	4507.0	4509.0	4405.0	2072.0	461.0	498.0	495.0	543.0	474.0	1152.0	613.0	2773.0	3009.0	503.0	487.0	4011.0	2990.0	3760.0	4921.0	4370.0	5152.0	2635.0	3642.0	
K	4658.0	3899.0	4805.0	5175.0	1629.0	1621.0	1992.0	1709.0	1671.0	1559.0	5376.0	5666.0	5341.0	5400.0	3642.0	4574.0	4469.0	4284.0	4417.0	3883.0	4065.0	4265.0	3455.0	3247.0	
L	4450.0	5108.0	5032.0	3770.0	2289.0	1589.0	1589.0	1693.0	1803.0	1922.0	5997.0	4778.0	5974.0	5251.0	4271.0	504.0	4201.0	498.0	4334.0	494.0	5134.0	494.0	3414.0	3760.0	
M	5458.0	4571.0	506.0	6119.0	8537.0	8384.0	7883.0	8187.0	1634.0	1673.0	885.0	1150.0	959.0	1586.0	7848.0	7247.0	7716.0	7527.0	7022.0	7136.0	7007.0	7194.0	512.0	7178.0	
N	6497.0	6088.0	5688.0	5798.0	9080.0	2641.0	8338.0	539.0	2364.0	521.0	1607.0	490.0	820.0	512.0	7554.0	521.0	7212.0	5878.0	7537.0	7920.0	7652.0	8565.0	8268.0	8223.0	
O	375.0	318.0	338.0	317.0	337.0	310.0	323.0	326.0	625.0	535.0	519.0	483.0	514.0	544.0	582.0	520.0	572.0	553.0	548.0	535.0	595.0	565.0	566.0	658.0	
P	299.0	593.0	336.0	367.0	355.0	360.0	395.0	624.0	637.0	622.0	587.0	585.0	610.0	671.0	622.0	604.0	583.0	653.0	614.0	639.0	583.0	649.0	631.0	641.0	

Chromatic / Channel:	ROX
Cycle:	1
	1	2	3	4	5	6	7	8	9	10	11	12	13	14	15	16	17	18	19	20	21	22	23	24
A	2622.0	3154.0	3353.0	3411.0	3519.0	3530.0	3222.0	2850.0	2667.0	3106.0	2768.0	2652.0	2455.0	2579.0	3122.0	2920.0	2942.0	2403.0	2719.0	2546.0	2650.0	2563.0	2987.0	2207.0	
B	2846.0	3913.0	3839.0	3347.0	3011.0	2178.0	2478.0	2532.0	2540.0	2303.0	2204.0	2352.0	1960.0	2016.0	2250.0	2232.0	2226.0	2332.0	2370.0	2347.0	2359.0	2395.0	2313.0	2523.0	
C	2517.0	2621.0	2621.0	2408.0	2550.0	2470.0	2446.0	2531.0	2538.0	2257.0	2331.0	2259.0	2057.0	1957.0	2320.0	2223.0	2353.0	2289.0	2441.0	2114.0	2387.0	2265.0	2429.0	2363.0	
D	2399.0	2362.0	2427.0	2369.0	2545.0	2287.0	2487.0	2557.0	2458.0	2272.0	2394.0	2268.0	1954.0	2065.0	2231.0	2214.0	2312.0	2391.0	2362.0	2228.0	2355.0	2214.0	2250.0	2056.0	
E	2412.0	2249.0	2359.0	2288.0	2221.0	2083.0	2043.0	2158.0	2144.0	2021.0	2023.0	1948.0	1998.0	1968.0	2341.0	2237.0	2235.0	2159.0	2147.0	2018.0	2174.0	2008.0	2033.0	1973.0	
F	2432.0	2388.0	2383.0	2139.0	2166.0	2014.0	2216.0	2184.0	2146.0	2121.0	2032.0	2117.0	2012.0	2045.0	2465.0	2405.0	2359.0	1976.0	2265.0	1958.0	2321.0	1972.0	2172.0	1791.0	
G	2327.0	2289.0	2200.0	2385.0	2366.0	2374.0	2499.0	2401.0	2426.0	2405.0	2311.0	2231.0	2188.0	2402.0	2211.0	2237.0	2220.0	2241.0	2200.0	2149.0	2258.0	2179.0	2118.0	2105.0	
H	2515.0	2326.0	2356.0	2252.0	2377.0	2382.0	2458.0	2410.0	2462.0	2395.0	2329.0	2341.0	2368.0	2318.0	2230.0	2106.0	2222.0	2147.0	2210.0	2145.0	2187.0	2088.0	2185.0	2015.0	
I	2470.0	2490.0	2472.0	2426.0	2194.0	2158.0	2088.0	2174.0	2164.0	2098.0	2004.0	1953.0	2282.0	2273.0	2371.0	1895.0	2335.0	2292.0	2345.0	2273.0	2413.0	2374.0	2322.0	1900.0	
J	2594.0	2357.0	2324.0	2311.0	2199.0	1948.0	2006.0	2039.0	2089.0	1939.0	1925.0	1940.0	2172.0	2293.0	2021.0	1927.0	2259.0	2265.0	2303.0	2367.0	2335.0	2293.0	2263.0	2040.0	
K	2357.0	2389.0	2367.0	2449.0	2270.0	2292.0	2367.0	2336.0	2272.0	2245.0	2245.0	2277.0	2184.0	2212.0	2218.0	2283.0	2311.0	2297.0	2298.0	2265.0	2335.0	2288.0	1976.0	1887.0	
L	2452.0	2566.0	2473.0	2458.0	2451.0	2314.0	2378.0	2410.0	2474.0	2278.0	2419.0	2295.0	2382.0	2334.0	2335.0	1990.0	2312.0	2020.0	2389.0	1960.0	2357.0	1941.0	2041.0	2014.0	
M	2492.0	2249.0	2022.0	2549.0	2682.0	2569.0	2479.0	2481.0	2288.0	2215.0	2094.0	1936.0	2163.0	2117.0	2470.0	2371.0	2369.0	2320.0	2240.0	2435.0	2269.0	2379.0	1976.0	2207.0	
N	2775.0	2624.0	2463.0	2732.0	2614.0	2206.0	2563.0	2273.0	2507.0	2134.0	2227.0	1977.0	2105.0	2066.0	2460.0	2014.0	2507.0	2384.0	2460.0	2550.0	2594.0	2811.0	2625.0	2691.0	
O	2169.0	1808.0	1857.0	1780.0	1880.0	1751.0	1862.0	1896.0	2541.0	2148.0	2098.0	1950.0	2063.0	2177.0	2288.0	2042.0	2213.0	2202.0	2230.0	2105.0	2334.0	2269.0	2185.0	2566.0	
P	1776.0	2426.0	1935.0	2008.0	2059.0	2036.0	2156.0	2580.0	2641.0	2559.0	2422.0	2414.0	2481.0	2687.0	2486.0	2405.0	2309.0	2624.0	2496.0	2627.0	2336.0	2616.0	2500.0	2435.0	

