Testname: Douglas Scientific
Date: 7/16/2018	Time: 8:26:24 PM
ID1: 00890018002017.00320180110.959156
No. of Channels / Multichromatics: 3
No. of Cycles: 1
Configuration: Fluorescence (Triple Em.)



Chromatic / Channel:	FAM
Cycle:	1
	1	2	3	4	5	6	7	8	9	10	11	12	13	14	15	16	17	18	19	20	21	22	23	24
A	8816.0	9072.0	8705.0	9476.0	7541.0	8280.0	6711.0	7563.0	6716.0	8078.0	7665.0	8393.0	573.0	1108.0	6017.0	5904.0	6009.0	6773.0	6247.0	7120.0	6672.0	6466.0	5456.0	5604.0	
B	8832.0	9084.0	8106.0	8876.0	6737.0	571.0	6669.0	6592.0	6426.0	6505.0	5794.0	6776.0	507.0	549.0	5896.0	6315.0	6290.0	6396.0	6166.0	6186.0	6313.0	6761.0	5129.0	5348.0	
C	23083.0	21001.0	19780.0	21984.0	18828.0	21001.0	18376.0	20399.0	18722.0	19295.0	19192.0	19655.0	6661.0	1132.0	17244.0	17786.0	17863.0	19115.0	16784.0	19157.0	21189.0	21820.0	21942.0	20301.0	
D	22320.0	21251.0	20729.0	20784.0	19637.0	19440.0	20302.0	19612.0	19060.0	19349.0	19627.0	19314.0	2116.0	565.0	17449.0	17744.0	18382.0	18348.0	18520.0	19655.0	20113.0	19628.0	19248.0	17771.0	
E	17895.0	16178.0	17435.0	16857.0	1308.0	2590.0	524.0	3693.0	5206.0	3190.0	4761.0	2515.0	3424.0	3698.0	15284.0	16562.0	17342.0	17845.0	14587.0	17001.0	16201.0	14687.0	15859.0	15489.0	
F	17691.0	17581.0	16625.0	595.0	3878.0	567.0	2507.0	7306.0	5439.0	4488.0	4181.0	6511.0	3321.0	572.0	15527.0	17176.0	17716.0	549.0	13995.0	566.0	15836.0	544.0	14493.0	516.0	
G	16722.0	17140.0	16095.0	17701.0	16648.0	18131.0	16722.0	18411.0	17993.0	17806.0	16898.0	18401.0	17156.0	18755.0	14464.0	14794.0	14723.0	15406.0	16385.0	16083.0	16389.0	15648.0	16639.0	15781.0	
H	17053.0	18025.0	16464.0	16657.0	16190.0	17179.0	17283.0	17855.0	17127.0	17292.0	17792.0	18327.0	17690.0	18708.0	15524.0	15520.0	14853.0	15524.0	13775.0	16198.0	16160.0	15968.0	14716.0	14716.0	
I	14526.0	13616.0	12007.0	12932.0	2748.0	2568.0	525.0	529.0	547.0	3811.0	529.0	4185.0	7008.0	7020.0	10569.0	519.0	8479.0	11525.0	8896.0	8791.0	10382.0	8647.0	11158.0	9645.0	
J	14164.0	13139.0	12951.0	13093.0	3462.0	586.0	1356.0	4383.0	2346.0	559.0	1901.0	568.0	7737.0	7793.0	584.0	571.0	9003.0	9596.0	10561.0	10047.0	9529.0	10286.0	9566.0	8367.0	
K	13827.0	13712.0	13242.0	13632.0	6474.0	6647.0	5883.0	6431.0	5962.0	6132.0	11980.0	12285.0	11934.0	12275.0	10314.0	10883.0	10480.0	11122.0	10998.0	10855.0	10891.0	12285.0	9686.0	8636.0	
L	13639.0	13949.0	14038.0	14584.0	6162.0	5840.0	5539.0	5842.0	6367.0	6232.0	13703.0	12855.0	11882.0	13321.0	11545.0	580.0	9896.0	544.0	12024.0	544.0	10233.0	549.0	9541.0	10203.0	
M	14906.0	17807.0	613.0	16757.0	19540.0	17803.0	18026.0	18760.0	4240.0	3697.0	2268.0	5712.0	2221.0	3275.0	17941.0	16711.0	17008.0	17028.0	16532.0	17781.0	17110.0	17882.0	543.0	16110.0	
N	17603.0	18146.0	16021.0	16250.0	19465.0	617.0	18840.0	632.0	2878.0	620.0	4426.0	599.0	619.0	617.0	16306.0	604.0	16413.0	15728.0	18157.0	18899.0	19381.0	17980.0	19001.0	18775.0	
O	499.0	517.0	523.0	538.0	531.0	521.0	537.0	527.0	648.0	565.0	604.0	572.0	625.0	644.0	641.0	617.0	633.0	595.0	608.0	575.0	632.0	608.0	641.0	675.0	
P	471.0	570.0	525.0	598.0	561.0	555.0	577.0	629.0	695.0	662.0	635.0	1341.0	686.0	671.0	663.0	654.0	636.0	667.0	629.0	559.0	662.0	701.0	704.0	654.0	

Chromatic / Channel:	VIC
Cycle:	1
	1	2	3	4	5	6	7	8	9	10	11	12	13	14	15	16	17	18	19	20	21	22	23	24
A	13274.0	13489.0	12486.0	13720.0	12018.0	13392.0	10926.0	12841.0	10616.0	13188.0	13033.0	13950.0	707.0	2165.0	10416.0	10946.0	10596.0	11826.0	10924.0	12934.0	12665.0	12133.0	12318.0	10602.0	
B	12338.0	12111.0	10417.0	12332.0	10521.0	595.0	10805.0	10906.0	10128.0	10939.0	10065.0	11136.0	567.0	635.0	9708.0	10350.0	9525.0	10659.0	10282.0	11310.0	11294.0	11359.0	10267.0	10831.0	
C	3174.0	2399.0	2244.0	2629.0	2259.0	2856.0	2672.0	2417.0	2289.0	2301.0	2311.0	2434.0	2812.0	2887.0	1976.0	1959.0	1996.0	2135.0	1954.0	2197.0	2770.0	2563.0	2569.0	2304.0	
D	2530.0	2471.0	2387.0	2463.0	2454.0	2361.0	2473.0	2377.0	2219.0	2387.0	2570.0	2639.0	1978.0	621.0	2037.0	1952.0	2141.0	2068.0	2142.0	2286.0	2679.0	2269.0	2613.0	2165.0	
E	10483.0	9806.0	9531.0	9470.0	2995.0	6413.0	562.0	6060.0	3249.0	2295.0	2324.0	6464.0	4615.0	2852.0	6610.0	8627.0	4518.0	5028.0	4990.0	4966.0	5542.0	6289.0	4597.0	2778.0	
F	9927.0	9863.0	9096.0	614.0	4433.0	573.0	682.0	5562.0	4392.0	858.0	5558.0	1011.0	3820.0	584.0	6892.0	7155.0	3344.0	547.0	5254.0	586.0	3881.0	562.0	6210.0	503.0	
G	10401.0	9457.0	9563.0	9236.0	5035.0	6112.0	6263.0	5736.0	4855.0	6461.0	6608.0	6167.0	7105.0	5929.0	5626.0	5632.0	4024.0	5062.0	3710.0	4202.0	5705.0	4022.0	4072.0	5844.0	
H	9974.0	10295.0	9811.0	8926.0	6038.0	4634.0	6082.0	5472.0	5807.0	6910.0	5262.0	6539.0	6397.0	6349.0	3928.0	5386.0	5549.0	4895.0	5074.0	4667.0	3775.0	4404.0	5215.0	4509.0	
I	11884.0	11460.0	10895.0	11029.0	6635.0	6471.0	587.0	595.0	605.0	859.0	609.0	848.0	10153.0	10344.0	9774.0	553.0	9563.0	9442.0	9893.0	9934.0	9789.0	9833.0	9260.0	8015.0	
J	12302.0	11612.0	10781.0	11117.0	758.0	567.0	3105.0	845.0	678.0	571.0	4609.0	636.0	10832.0	10808.0	590.0	563.0	9969.0	10718.0	10277.0	10362.0	10592.0	10111.0	9723.0	8912.0	
K	11352.0	10991.0	10636.0	11166.0	10250.0	10586.0	10178.0	10559.0	10195.0	10702.0	9547.0	10264.0	9720.0	10466.0	10390.0	10221.0	9472.0	8861.0	9558.0	9801.0	9476.0	8247.0	9233.0	8204.0	
L	11259.0	11179.0	11175.0	11511.0	10539.0	10338.0	9946.0	10061.0	10789.0	10551.0	9450.0	9789.0	10794.0	10337.0	9872.0	578.0	8637.0	575.0	9585.0	571.0	9087.0	576.0	9419.0	9078.0	
M	11538.0	11032.0	612.0	11641.0	4413.0	3092.0	3852.0	3782.0	3663.0	3381.0	5893.0	5272.0	5612.0	7980.0	7681.0	8481.0	7997.0	7799.0	7232.0	6168.0	10338.0	9872.0	573.0	9625.0	
N	11448.0	11829.0	10808.0	12178.0	3993.0	629.0	3446.0	633.0	6861.0	628.0	6634.0	619.0	648.0	654.0	8352.0	619.0	7361.0	6822.0	7369.0	8374.0	10013.0	10978.0	10027.0	10303.0	
O	358.0	359.0	355.0	376.0	362.0	359.0	380.0	348.0	688.0	591.0	593.0	614.0	669.0	696.0	678.0	627.0	685.0	650.0	647.0	645.0	726.0	712.0	721.0	797.0	
P	300.0	634.0	383.0	414.0	421.0	392.0	434.0	650.0	726.0	672.0	681.0	2879.0	736.0	732.0	693.0	682.0	674.0	683.0	704.0	665.0	720.0	792.0	811.0	734.0	

Chromatic / Channel:	ROX
Cycle:	1
	1	2	3	4	5	6	7	8	9	10	11	12	13	14	15	16	17	18	19	20	21	22	23	24
A	3392.0	3526.0	3351.0	3564.0	3228.0	3451.0	3002.0	3340.0	2806.0	3443.0	3518.0	3586.0	2740.0	2832.0	2737.0	2842.0	2805.0	3113.0	2816.0	3410.0	3392.0	3229.0	3612.0	3044.0	
B	3188.0	3108.0	2639.0	3132.0	2683.0	2328.0	2737.0	2783.0	2606.0	2792.0	2604.0	2854.0	2167.0	2358.0	2575.0	2748.0	2566.0	2780.0	2674.0	2988.0	2880.0	2974.0	2967.0	3150.0	
C	3090.0	2765.0	2619.0	2929.0	2555.0	2839.0	2508.0	2730.0	2529.0	2645.0	2583.0	2655.0	2412.0	2414.0	2520.0	2596.0	2558.0	2745.0	2397.0	2789.0	2969.0	2982.0	2966.0	2653.0	
D	2903.0	2760.0	2726.0	2875.0	2645.0	2801.0	2727.0	2667.0	2552.0	2664.0	2631.0	2694.0	2283.0	2289.0	2546.0	2617.0	2623.0	2736.0	2684.0	2744.0	2743.0	2717.0	2614.0	2257.0	
E	3103.0	2858.0	2929.0	3049.0	2280.0	2651.0	2157.0	2602.0	2382.0	2395.0	2358.0	2517.0	2476.0	2413.0	2543.0	2832.0	2591.0	2695.0	2564.0	2778.0	2926.0	2676.0	2628.0	2238.0	
F	3042.0	2972.0	2815.0	2534.0	2385.0	2326.0	2206.0	2695.0	2430.0	2480.0	2494.0	2452.0	2378.0	2323.0	2699.0	2795.0	2544.0	2200.0	2544.0	2314.0	2657.0	2271.0	2632.0	1867.0	
G	3072.0	2917.0	2823.0	3097.0	2659.0	2838.0	2725.0	2794.0	2708.0	2851.0	2863.0	2809.0	2848.0	2933.0	2716.0	2762.0	2608.0	2675.0	2689.0	2729.0	2813.0	2639.0	2682.0	2565.0	
H	3018.0	3067.0	2928.0	2913.0	2665.0	2760.0	2691.0	2891.0	2752.0	2945.0	2712.0	2944.0	2846.0	2933.0	2598.0	2727.0	2566.0	2658.0	2628.0	2751.0	2638.0	2629.0	2558.0	2496.0	
I	3136.0	3045.0	2901.0	2994.0	2529.0	2595.0	2236.0	2319.0	2307.0	2456.0	2287.0	2394.0	2792.0	2785.0	2755.0	2194.0	2660.0	2769.0	2700.0	2721.0	2759.0	2687.0	2669.0	2207.0	
J	3249.0	3060.0	2977.0	3010.0	2331.0	2383.0	2404.0	2457.0	2278.0	2337.0	2501.0	2447.0	2910.0	2924.0	2373.0	2294.0	2757.0	2904.0	2852.0	2871.0	2920.0	2872.0	2661.0	2383.0	
K	2971.0	2910.0	2824.0	2996.0	2805.0	2830.0	2697.0	2772.0	2681.0	2821.0	2740.0	2932.0	2810.0	2953.0	2916.0	2879.0	2787.0	2826.0	2811.0	2890.0	2885.0	2699.0	2617.0	2444.0	
L	2973.0	3014.0	3020.0	3097.0	2831.0	2804.0	2716.0	2779.0	2839.0	2807.0	2850.0	2849.0	3027.0	3040.0	2897.0	2337.0	2748.0	2344.0	2886.0	2331.0	2839.0	2281.0	2624.0	2563.0	
M	3155.0	3296.0	2590.0	3371.0	3001.0	2876.0	2833.0	2848.0	2592.0	2668.0	2628.0	2715.0	2757.0	2891.0	3029.0	3039.0	2933.0	2996.0	2940.0	3030.0	3150.0	3200.0	2251.0	2902.0	
N	3464.0	3416.0	3217.0	3475.0	3129.0	2618.0	2834.0	2623.0	2814.0	2587.0	2724.0	2575.0	2691.0	2693.0	2911.0	2510.0	2862.0	3160.0	3197.0	3339.0	3495.0	3573.0	3454.0	3504.0	
O	2245.0	2198.0	2197.0	2333.0	2249.0	2190.0	2215.0	2099.0	2811.0	2416.0	2323.0	2498.0	2753.0	2859.0	2779.0	2527.0	2776.0	2679.0	2619.0	2592.0	2959.0	2877.0	2870.0	3170.0	
P	1884.0	2644.0	2383.0	2592.0	2583.0	2420.0	2559.0	2779.0	3044.0	2863.0	2866.0	3001.0	3150.0	3153.0	2943.0	2823.0	2810.0	2904.0	2880.0	2652.0	3013.0	3330.0	3353.0	2843.0	

