Testname: Douglas Scientific
Date: 7/16/2018	Time: 8:25:56 PM
ID1: 00890018002017.00320180110.959157
No. of Channels / Multichromatics: 3
No. of Cycles: 1
Configuration: Fluorescence (Triple Em.)



Chromatic / Channel:	FAM
Cycle:	1
	1	2	3	4	5	6	7	8	9	10	11	12	13	14	15	16	17	18	19	20	21	22	23	24
A	12374.0	14207.0	13662.0	11115.0	9305.0	10166.0	9709.0	9068.0	9119.0	9159.0	9363.0	9546.0	665.0	1337.0	8525.0	7594.0	7673.0	7581.0	7257.0	7558.0	7848.0	7371.0	5129.0	5013.0	
B	11462.0	11121.0	10956.0	8944.0	7818.0	619.0	7359.0	7275.0	6817.0	7248.0	6826.0	7668.0	559.0	1024.0	6007.0	6452.0	6931.0	7092.0	6716.0	7689.0	7806.0	6352.0	4845.0	4531.0	
C	24878.0	24032.0	23050.0	21406.0	21791.0	21783.0	20358.0	19203.0	19902.0	18307.0	19825.0	19734.0	7548.0	7612.0	18575.0	17518.0	19559.0	18629.0	18926.0	19761.0	21529.0	20243.0	20054.0	21511.0	
D	25492.0	25172.0	24174.0	22493.0	22630.0	19371.0	20257.0	19582.0	20277.0	19194.0	20735.0	19959.0	3492.0	6040.0	17649.0	17468.0	19622.0	17879.0	19078.0	19614.0	22161.0	19663.0	20426.0	18681.0	
E	20114.0	18831.0	20228.0	18655.0	5956.0	3852.0	1179.0	1257.0	3625.0	1514.0	4391.0	4261.0	4819.0	1763.0	17995.0	17131.0	18717.0	17580.0	15910.0	17037.0	17119.0	14630.0	15431.0	14624.0	
F	19758.0	19588.0	18856.0	581.0	2569.0	544.0	4357.0	5958.0	4263.0	583.0	6197.0	2367.0	2020.0	593.0	19059.0	17443.0	18304.0	531.0	15191.0	569.0	15531.0	550.0	17316.0	548.0	
G	19107.0	18988.0	18960.0	17023.0	18584.0	19074.0	17429.0	18808.0	19800.0	19486.0	19798.0	19912.0	19847.0	19182.0	16348.0	16855.0	15242.0	17197.0	16316.0	16047.0	16020.0	15477.0	16884.0	16958.0	
H	19304.0	18894.0	18737.0	18043.0	19050.0	19446.0	18916.0	18535.0	19129.0	17727.0	19140.0	20777.0	20189.0	19841.0	17566.0	16958.0	16732.0	13706.0	16277.0	17774.0	16563.0	17432.0	17217.0	16250.0	
I	17051.0	14607.0	13419.0	13791.0	7269.0	512.0	4024.0	515.0	532.0	555.0	528.0	1760.0	8270.0	8552.0	11602.0	559.0	10801.0	10228.0	10689.0	12296.0	10358.0	9961.0	10548.0	9779.0	
J	13989.0	15678.0	14216.0	14274.0	6980.0	547.0	3900.0	529.0	547.0	553.0	3538.0	1332.0	9646.0	7823.0	553.0	552.0	9879.0	10377.0	11568.0	10682.0	10433.0	11495.0	11472.0	12176.0	
K	15256.0	15950.0	13351.0	14094.0	6997.0	6587.0	6509.0	6105.0	6394.0	6074.0	12902.0	13917.0	15112.0	14677.0	10881.0	10992.0	11153.0	11357.0	11615.0	11119.0	11758.0	12063.0	9674.0	10502.0	
L	15212.0	15945.0	15993.0	15279.0	6582.0	6391.0	6752.0	6271.0	6579.0	6119.0	11483.0	13537.0	13189.0	13497.0	10826.0	559.0	12520.0	539.0	11771.0	557.0	12096.0	560.0	11686.0	11236.0	
M	17127.0	18175.0	616.0	18909.0	21110.0	19276.0	18564.0	17795.0	3412.0	6451.0	6008.0	2207.0	3922.0	5055.0	17149.0	16439.0	15767.0	16242.0	17861.0	18325.0	17153.0	18102.0	577.0	16390.0	
N	19939.0	19423.0	19597.0	19445.0	21528.0	654.0	20405.0	589.0	5909.0	602.0	560.0	601.0	612.0	648.0	17796.0	609.0	15926.0	16807.0	18420.0	19940.0	18612.0	19315.0	19915.0	16804.0	
O	659.0	574.0	569.0	547.0	556.0	538.0	530.0	506.0	615.0	577.0	602.0	587.0	620.0	596.0	609.0	584.0	643.0	637.0	652.0	651.0	659.0	667.0	638.0	646.0	
P	548.0	734.0	657.0	597.0	581.0	588.0	553.0	649.0	677.0	685.0	656.0	704.0	692.0	714.0	657.0	679.0	690.0	746.0	689.0	747.0	684.0	739.0	656.0	702.0	

Chromatic / Channel:	VIC
Cycle:	1
	1	2	3	4	5	6	7	8	9	10	11	12	13	14	15	16	17	18	19	20	21	22	23	24
A	16432.0	18541.0	17560.0	15006.0	14220.0	15128.0	14708.0	13957.0	13611.0	13693.0	15192.0	15292.0	812.0	3773.0	13772.0	12608.0	12460.0	11587.0	12318.0	12546.0	13592.0	12260.0	11924.0	10830.0	
B	14138.0	14151.0	14301.0	12061.0	11867.0	611.0	11500.0	10911.0	10337.0	10668.0	10688.0	11684.0	622.0	2825.0	10352.0	10439.0	10295.0	10886.0	10973.0	11459.0	11737.0	11421.0	10274.0	11218.0	
C	2940.0	2810.0	2733.0	2441.0	2702.0	2590.0	2843.0	2305.0	2478.0	2221.0	2962.0	2388.0	1089.0	2646.0	2167.0	3751.0	2517.0	2122.0	2688.0	2270.0	2613.0	3186.0	2403.0	2425.0	
D	2936.0	2806.0	2759.0	2705.0	2797.0	2316.0	2484.0	2321.0	2353.0	2296.0	2476.0	2401.0	799.0	937.0	2125.0	2611.0	2192.0	3229.0	2777.0	2253.0	2623.0	2257.0	2831.0	2068.0	
E	11548.0	11194.0	10843.0	9339.0	4937.0	4596.0	2929.0	2792.0	5322.0	3515.0	5919.0	2469.0	5336.0	4491.0	8215.0	7880.0	4150.0	5588.0	5117.0	4856.0	4060.0	5673.0	6056.0	5068.0	
F	10899.0	11036.0	11257.0	571.0	6545.0	532.0	2089.0	3331.0	4962.0	582.0	4727.0	6186.0	4674.0	562.0	6921.0	7940.0	3664.0	518.0	5211.0	547.0	5866.0	524.0	3780.0	511.0	
G	11451.0	10534.0	10983.0	9988.0	6683.0	5929.0	6437.0	6091.0	5899.0	7136.0	5081.0	5776.0	7599.0	7459.0	5512.0	5456.0	5378.0	4045.0	5344.0	4839.0	6115.0	3326.0	4778.0	5000.0	
H	11878.0	10872.0	10940.0	10294.0	6261.0	5014.0	6409.0	6381.0	6050.0	6661.0	7695.0	5943.0	6648.0	6830.0	4383.0	3287.0	5028.0	6563.0	4732.0	4062.0	5312.0	4466.0	3985.0	3594.0	
I	13168.0	12718.0	11605.0	11518.0	5852.0	574.0	780.0	553.0	576.0	603.0	582.0	4196.0	11055.0	10544.0	10163.0	555.0	10704.0	10739.0	9378.0	9878.0	9580.0	9551.0	9824.0	9681.0	
J	12869.0	11939.0	11838.0	10812.0	943.0	533.0	759.0	504.0	595.0	542.0	786.0	2999.0	11155.0	10166.0	526.0	533.0	10219.0	9893.0	9456.0	9821.0	9890.0	9590.0	9404.0	9432.0	
K	12173.0	12145.0	11901.0	10709.0	10319.0	10806.0	10758.0	9824.0	10411.0	10660.0	9630.0	10145.0	10361.0	10499.0	10354.0	10479.0	9293.0	9143.0	9245.0	9705.0	9068.0	9593.0	10078.0	10033.0	
L	12133.0	12495.0	12250.0	11299.0	10911.0	10331.0	10198.0	9367.0	10672.0	10149.0	9971.0	10024.0	10639.0	10656.0	9393.0	514.0	8553.0	514.0	9869.0	540.0	9111.0	539.0	9669.0	10424.0	
M	11866.0	11577.0	615.0	12121.0	4826.0	3252.0	4895.0	2971.0	5264.0	2383.0	5788.0	5499.0	5027.0	6240.0	8315.0	6602.0	7653.0	8768.0	7691.0	7486.0	9818.0	9669.0	593.0	9855.0	
N	13134.0	13882.0	12829.0	13487.0	4480.0	610.0	4639.0	571.0	4884.0	570.0	606.0	574.0	607.0	632.0	8816.0	588.0	8879.0	8104.0	8106.0	10117.0	11043.0	11111.0	10249.0	10319.0	
O	535.0	420.0	392.0	360.0	384.0	357.0	363.0	314.0	625.0	558.0	574.0	553.0	622.0	596.0	607.0	557.0	622.0	644.0	654.0	648.0	680.0	689.0	675.0	731.0	
P	390.0	769.0	462.0	437.0	412.0	437.0	393.0	632.0	689.0	676.0	659.0	703.0	696.0	725.0	659.0	687.0	688.0	754.0	706.0	763.0	711.0	786.0	724.0	718.0	

Chromatic / Channel:	ROX
Cycle:	1
	1	2	3	4	5	6	7	8	9	10	11	12	13	14	15	16	17	18	19	20	21	22	23	24
A	4424.0	5023.0	4779.0	4068.0	3825.0	4146.0	4014.0	3803.0	3681.0	3706.0	4192.0	4224.0	3364.0	3196.0	3806.0	3497.0	3449.0	3191.0	3412.0	3423.0	3686.0	3299.0	3595.0	3100.0	
B	3743.0	3749.0	3799.0	3187.0	3096.0	2552.0	3010.0	2875.0	2758.0	2858.0	2884.0	3117.0	2484.0	2514.0	2831.0	2835.0	2825.0	2919.0	2950.0	3049.0	3107.0	3036.0	2861.0	3661.0	
C	3306.0	3195.0	3107.0	2902.0	2980.0	2924.0	2778.0	2604.0	2700.0	2538.0	2752.0	2743.0	2568.0	2433.0	2741.0	2708.0	2836.0	2752.0	2776.0	2769.0	2972.0	2738.0	2672.0	2798.0	
D	3298.0	3297.0	3221.0	2999.0	3052.0	2701.0	2751.0	2634.0	2721.0	2629.0	2831.0	2752.0	2483.0	2474.0	2691.0	2618.0	2803.0	2768.0	2784.0	2734.0	2975.0	2629.0	2782.0	2338.0	
E	3416.0	3286.0	3371.0	3072.0	2641.0	2495.0	2295.0	2296.0	2526.0	2513.0	2729.0	2457.0	2787.0	2596.0	2924.0	2866.0	2759.0	2692.0	2673.0	2702.0	2780.0	2583.0	2680.0	2357.0	
F	3280.0	3264.0	3322.0	2467.0	2608.0	2306.0	2383.0	2467.0	2499.0	2437.0	2775.0	2731.0	2740.0	2433.0	2952.0	2883.0	2647.0	2161.0	2565.0	2305.0	2778.0	2158.0	2699.0	1995.0	
G	3309.0	3179.0	3270.0	3052.0	2920.0	2932.0	2756.0	2803.0	2940.0	2994.0	2958.0	2991.0	3168.0	3073.0	2847.0	2828.0	2692.0	2700.0	2796.0	2644.0	2722.0	2427.0	2639.0	2617.0	
H	3473.0	3261.0	3307.0	3105.0	2946.0	2893.0	2893.0	2861.0	2987.0	2808.0	3080.0	3140.0	3123.0	3070.0	2854.0	2699.0	2762.0	2701.0	2690.0	2764.0	2751.0	2728.0	2716.0	2391.0	
I	3494.0	3378.0	3151.0	3141.0	2688.0	2290.0	2346.0	2227.0	2322.0	2422.0	2354.0	2628.0	3005.0	2925.0	2913.0	2338.0	2936.0	2986.0	2654.0	2819.0	2726.0	2671.0	2715.0	2541.0	
J	3393.0	3231.0	3201.0	3015.0	2390.0	2306.0	2349.0	2176.0	2394.0	2318.0	2472.0	2513.0	3082.0	2784.0	2279.0	2278.0	2830.0	2845.0	2784.0	2787.0	2779.0	2733.0	2700.0	2706.0	
K	3216.0	3262.0	3174.0	2954.0	2774.0	2893.0	2850.0	2638.0	2776.0	2915.0	2802.0	2980.0	3064.0	3075.0	2941.0	2963.0	2815.0	2803.0	2824.0	2855.0	2913.0	2818.0	2813.0	2742.0	
L	3231.0	3387.0	3375.0	3133.0	2949.0	2818.0	2786.0	2566.0	2877.0	2770.0	2845.0	3009.0	3114.0	3106.0	2765.0	2252.0	2783.0	2182.0	2908.0	2299.0	2820.0	2207.0	2806.0	2886.0	
M	3250.0	3388.0	2662.0	3469.0	3210.0	2860.0	2856.0	2576.0	2653.0	2520.0	2626.0	2641.0	2891.0	2918.0	2979.0	2778.0	2773.0	2975.0	3033.0	3059.0	3039.0	3104.0	2353.0	2899.0	
N	3868.0	3893.0	3808.0	3829.0	3296.0	2676.0	3106.0	2422.0	2857.0	2463.0	2451.0	2501.0	2634.0	2759.0	3113.0	2481.0	3009.0	3327.0	3234.0	3536.0	3423.0	3591.0	3467.0	3345.0	
O	3220.0	2538.0	2411.0	2274.0	2361.0	2220.0	2197.0	1980.0	2672.0	2365.0	2488.0	2411.0	2717.0	2582.0	2605.0	2387.0	2627.0	2723.0	2761.0	2718.0	2841.0	2819.0	2724.0	2941.0	
P	2426.0	3313.0	2959.0	2706.0	2605.0	2637.0	2396.0	2801.0	2989.0	3010.0	2884.0	3089.0	3100.0	3227.0	2876.0	2938.0	2959.0	3264.0	3030.0	3243.0	2983.0	3302.0	3037.0	2884.0	

