Testname: Douglas Scientific
Date: 7/16/2018	Time: 8:25:28 PM
ID1: 00890018002017.00320180110.959158
No. of Channels / Multichromatics: 3
No. of Cycles: 1
Configuration: Fluorescence (Triple Em.)



Chromatic / Channel:	FAM
Cycle:	1
	1	2	3	4	5	6	7	8	9	10	11	12	13	14	15	16	17	18	19	20	21	22	23	24
A	10925.0	11043.0	11941.0	11801.0	8572.0	8393.0	8654.0	8109.0	8739.0	8062.0	7829.0	7379.0	1686.0	559.0	7302.0	6769.0	6929.0	8095.0	7379.0	6954.0	7367.0	6105.0	4927.0	5341.0	
B	10837.0	11179.0	11304.0	10238.0	7745.0	627.0	7262.0	7655.0	6876.0	6125.0	7374.0	7435.0	556.0	570.0	6462.0	6202.0	6503.0	7456.0	6852.0	6679.0	7803.0	6066.0	4031.0	4872.0	
C	22651.0	21780.0	21912.0	21226.0	20241.0	20925.0	20362.0	20910.0	19707.0	17347.0	21536.0	17125.0	4606.0	6146.0	17414.0	17092.0	17449.0	18522.0	18773.0	18761.0	20235.0	19280.0	19749.0	20514.0	
D	22737.0	22111.0	23159.0	22458.0	21314.0	21724.0	21405.0	18674.0	19159.0	21689.0	21876.0	20778.0	1763.0	4929.0	17222.0	17426.0	17612.0	19153.0	18608.0	19058.0	21009.0	19069.0	19210.0	18978.0	
E	18135.0	18486.0	18347.0	18691.0	4098.0	2141.0	3733.0	4016.0	6199.0	5436.0	2015.0	2372.0	3944.0	1678.0	15466.0	15996.0	18758.0	17717.0	14738.0	14541.0	14479.0	14614.0	18510.0	16805.0	
F	19941.0	18447.0	19522.0	650.0	1686.0	607.0	1985.0	2590.0	571.0	646.0	3969.0	4116.0	2312.0	571.0	16641.0	16553.0	18192.0	576.0	16535.0	564.0	15903.0	529.0	15047.0	574.0	
G	18575.0	18490.0	18548.0	17956.0	17639.0	18431.0	18586.0	19126.0	18442.0	19374.0	19114.0	19565.0	18414.0	17474.0	14478.0	15899.0	15084.0	14355.0	16967.0	14369.0	15021.0	15638.0	16951.0	17935.0	
H	18618.0	17508.0	19748.0	18696.0	17756.0	18748.0	19903.0	19272.0	19602.0	20959.0	19848.0	19342.0	20049.0	19020.0	16630.0	14345.0	15347.0	15825.0	16400.0	15715.0	15961.0	14863.0	16392.0	15745.0	
I	14874.0	14873.0	12517.0	13572.0	6540.0	3142.0	3320.0	539.0	4294.0	3905.0	4337.0	556.0	8932.0	7878.0	10826.0	541.0	10735.0	9581.0	10953.0	10916.0	10792.0	10218.0	9745.0	12097.0	
J	14557.0	14387.0	13143.0	11767.0	540.0	547.0	545.0	551.0	566.0	575.0	1648.0	3413.0	7806.0	8093.0	529.0	526.0	9774.0	10181.0	10751.0	11121.0	9582.0	9289.0	10656.0	10524.0	
K	14508.0	16108.0	14605.0	12435.0	6445.0	5694.0	6293.0	6691.0	6806.0	6760.0	12579.0	13262.0	13020.0	12259.0	11039.0	11227.0	12462.0	10106.0	11376.0	8855.0	11825.0	11486.0	12871.0	11708.0	
L	15379.0	15009.0	15952.0	13700.0	6117.0	4812.0	5145.0	6030.0	6893.0	6895.0	12900.0	12275.0	11580.0	14583.0	11956.0	570.0	12675.0	592.0	13403.0	585.0	11455.0	576.0	10442.0	12480.0	
M	17184.0	14875.0	611.0	17150.0	20557.0	13235.0	19806.0	19944.0	5727.0	2815.0	2619.0	2976.0	2514.0	2493.0	17366.0	17016.0	17616.0	16174.0	17337.0	16023.0	16266.0	16791.0	564.0	17011.0	
N	16894.0	17651.0	17870.0	14985.0	20456.0	641.0	18593.0	522.0	4242.0	657.0	2475.0	609.0	623.0	609.0	17796.0	602.0	16513.0	15784.0	17542.0	18037.0	16026.0	18328.0	18317.0	20342.0	
O	464.0	554.0	551.0	518.0	536.0	520.0	538.0	507.0	653.0	623.0	638.0	605.0	615.0	604.0	670.0	634.0	625.0	628.0	670.0	601.0	631.0	615.0	592.0	688.0	
P	646.0	676.0	544.0	549.0	572.0	544.0	553.0	654.0	684.0	667.0	656.0	664.0	693.0	676.0	645.0	670.0	664.0	709.0	622.0	730.0	685.0	719.0	626.0	681.0	

Chromatic / Channel:	VIC
Cycle:	1
	1	2	3	4	5	6	7	8	9	10	11	12	13	14	15	16	17	18	19	20	21	22	23	24
A	13827.0	16888.0	17959.0	16225.0	13994.0	13553.0	13684.0	12694.0	13282.0	12705.0	13486.0	13242.0	3708.0	663.0	12273.0	10658.0	10867.0	11765.0	12850.0	11589.0	12371.0	10934.0	12733.0	11341.0	
B	13096.0	17469.0	15540.0	13060.0	11550.0	617.0	11462.0	12051.0	10992.0	10101.0	12022.0	11814.0	627.0	635.0	10839.0	10460.0	10266.0	11515.0	11036.0	11415.0	11829.0	10990.0	9600.0	11456.0	
C	2663.0	2555.0	2590.0	2474.0	2403.0	2645.0	2458.0	3173.0	2379.0	2292.0	2677.0	2485.0	862.0	4238.0	1954.0	2653.0	2096.0	2043.0	2755.0	2117.0	2849.0	2842.0	2454.0	2622.0	
D	2683.0	2623.0	2758.0	2713.0	2532.0	2606.0	2577.0	2183.0	2995.0	2909.0	2601.0	2575.0	669.0	3496.0	2519.0	2817.0	1990.0	2157.0	2222.0	2135.0	2478.0	2352.0	2668.0	2598.0	
E	10834.0	10299.0	10576.0	9879.0	3166.0	5798.0	812.0	5142.0	6141.0	6051.0	5168.0	6735.0	2143.0	4700.0	7385.0	7293.0	3644.0	4541.0	5541.0	6377.0	6423.0	4641.0	3017.0	5371.0	
F	9866.0	10413.0	10314.0	630.0	3679.0	574.0	4730.0	6085.0	625.0	779.0	4442.0	5540.0	5856.0	566.0	8054.0	7208.0	6051.0	562.0	4567.0	547.0	4304.0	519.0	4108.0	545.0	
G	10914.0	10274.0	10152.0	10244.0	5737.0	7015.0	7350.0	5505.0	6630.0	6659.0	6071.0	5087.0	7476.0	7640.0	6085.0	3459.0	4591.0	4607.0	5369.0	5877.0	5649.0	4660.0	2939.0	5060.0	
H	11205.0	9981.0	10031.0	9802.0	4995.0	6727.0	5914.0	6864.0	6488.0	6346.0	7368.0	6992.0	6233.0	5616.0	4664.0	4297.0	5695.0	5672.0	5040.0	4802.0	5085.0	5435.0	4775.0	4222.0	
I	12439.0	11535.0	10868.0	10343.0	4555.0	2798.0	734.0	589.0	957.0	862.0	855.0	624.0	10342.0	10778.0	10037.0	551.0	10135.0	10353.0	10022.0	10038.0	8950.0	9435.0	9266.0	9443.0	
J	12123.0	11469.0	11008.0	10114.0	544.0	523.0	572.0	530.0	578.0	582.0	3827.0	2866.0	10406.0	10346.0	515.0	511.0	10292.0	9624.0	10115.0	10205.0	9034.0	9770.0	9223.0	9922.0	
K	12160.0	11617.0	11337.0	10819.0	10844.0	9846.0	10995.0	10505.0	11468.0	11210.0	10772.0	10730.0	9570.0	10537.0	10064.0	10367.0	9818.0	10585.0	9548.0	9231.0	9701.0	9517.0	10030.0	9498.0	
L	11427.0	11951.0	11914.0	10943.0	10700.0	8068.0	8543.0	10033.0	11177.0	10936.0	9985.0	8921.0	10041.0	10533.0	9912.0	548.0	9856.0	577.0	9967.0	585.0	9616.0	550.0	9276.0	9048.0	
M	11746.0	9566.0	577.0	10843.0	2685.0	4514.0	2904.0	4907.0	6211.0	6393.0	6638.0	7892.0	6697.0	6374.0	6885.0	8717.0	8664.0	9190.0	7113.0	8081.0	9007.0	9279.0	548.0	8552.0	
N	12232.0	11361.0	11565.0	11075.0	4785.0	603.0	5401.0	494.0	2283.0	637.0	6276.0	592.0	609.0	596.0	8176.0	576.0	9433.0	8072.0	8309.0	9412.0	9586.0	10079.0	10699.0	10586.0	
O	308.0	372.0	384.0	338.0	378.0	342.0	351.0	319.0	672.0	599.0	625.0	626.0	623.0	602.0	661.0	614.0	636.0	634.0	659.0	630.0	661.0	649.0	633.0	744.0	
P	520.0	699.0	370.0	375.0	381.0	393.0	396.0	653.0	677.0	703.0	676.0	696.0	704.0	706.0	669.0	689.0	691.0	702.0	636.0	781.0	714.0	784.0	686.0	718.0	

Chromatic / Channel:	ROX
Cycle:	1
	1	2	3	4	5	6	7	8	9	10	11	12	13	14	15	16	17	18	19	20	21	22	23	24
A	3698.0	4542.0	4798.0	4373.0	3782.0	3669.0	3615.0	3345.0	3589.0	3407.0	3603.0	3591.0	2961.0	2590.0	3339.0	2830.0	2893.0	3220.0	3479.0	3178.0	3341.0	2947.0	3673.0	3220.0	
B	3500.0	4675.0	4142.0	3472.0	3073.0	2603.0	3028.0	3149.0	2876.0	2698.0	3169.0	3160.0	2454.0	2453.0	2905.0	2794.0	2818.0	3095.0	2982.0	3087.0	3173.0	2967.0	2855.0	3396.0	
C	3030.0	2930.0	2996.0	2848.0	2781.0	2890.0	2780.0	2886.0	2712.0	2443.0	3009.0	2456.0	2426.0	2453.0	2586.0	2606.0	2664.0	2753.0	2838.0	2779.0	2862.0	2721.0	2730.0	2695.0	
D	2984.0	2932.0	3120.0	3007.0	2898.0	2977.0	2974.0	2546.0	2701.0	2979.0	3018.0	3212.0	2368.0	2472.0	2613.0	2629.0	2627.0	2790.0	2718.0	2783.0	2793.0	2653.0	2599.0	2506.0	
E	3109.0	3133.0	3232.0	3153.0	2648.0	2614.0	2528.0	2707.0	2787.0	2850.0	2712.0	2710.0	2601.0	2442.0	2694.0	2729.0	2714.0	2702.0	2696.0	2787.0	2794.0	2508.0	2693.0	2685.0	
F	3161.0	3146.0	3265.0	2704.0	2575.0	2477.0	2616.0	2679.0	2504.0	2598.0	2737.0	2708.0	2881.0	2370.0	2863.0	2722.0	2853.0	2330.0	2792.0	2345.0	2610.0	2177.0	2532.0	2261.0	
G	3223.0	3150.0	3158.0	3192.0	2824.0	3003.0	2981.0	3227.0	2994.0	3099.0	3022.0	2942.0	2997.0	2924.0	2725.0	2550.0	2658.0	2699.0	2913.0	2662.0	2601.0	2579.0	2591.0	2755.0	
H	3336.0	3117.0	3297.0	3123.0	2738.0	3027.0	3083.0	3045.0	3116.0	3175.0	3190.0	3155.0	3140.0	2980.0	2830.0	2567.0	2814.0	2816.0	2884.0	2773.0	2726.0	2592.0	2670.0	2582.0	
I	3331.0	3186.0	2984.0	2886.0	2619.0	2516.0	2400.0	2396.0	2540.0	2561.0	2564.0	2520.0	2887.0	2918.0	2845.0	2270.0	2874.0	2889.0	2883.0	2866.0	2711.0	2707.0	2637.0	2692.0	
J	3232.0	3120.0	3042.0	2795.0	2389.0	2303.0	2409.0	2315.0	2369.0	2518.0	2658.0	2562.0	2884.0	2891.0	2225.0	2171.0	2872.0	2832.0	2898.0	2920.0	2646.0	2746.0	2708.0	2714.0	
K	3206.0	3200.0	3092.0	2952.0	2930.0	2646.0	2955.0	2831.0	3018.0	3048.0	3058.0	3078.0	2872.0	2967.0	2858.0	2943.0	3014.0	3034.0	2882.0	2805.0	2961.0	2880.0	2920.0	2680.0	
L	3104.0	3245.0	3326.0	3030.0	2989.0	2216.0	2492.0	2743.0	3048.0	2985.0	2912.0	2693.0	2880.0	3090.0	2891.0	2343.0	3023.0	2446.0	3060.0	2441.0	2920.0	2287.0	2716.0	2708.0	
M	3265.0	2696.0	2457.0	3190.0	3008.0	2247.0	3293.0	3037.0	2866.0	3022.0	2810.0	2785.0	2711.0	2600.0	2880.0	3006.0	3073.0	3084.0	2988.0	2898.0	2914.0	2961.0	2255.0	2865.0	
N	3394.0	3657.0	3385.0	3130.0	3073.0	2637.0	3064.0	2083.0	2743.0	2760.0	2933.0	2588.0	2606.0	2581.0	3118.0	2424.0	3172.0	3203.0	3142.0	3320.0	3033.0	3452.0	3353.0	3602.0	
O	1963.0	2213.0	2284.0	2067.0	2292.0	2114.0	2214.0	2017.0	2865.0	2604.0	2677.0	2694.0	2701.0	2568.0	2834.0	2585.0	2597.0	2610.0	2813.0	2619.0	2768.0	2621.0	2642.0	3161.0	
P	2890.0	2990.0	2314.0	2320.0	2455.0	2408.0	2403.0	2896.0	2962.0	3108.0	2973.0	3076.0	3108.0	3132.0	2913.0	2972.0	2952.0	3048.0	2726.0	3351.0	3084.0	3374.0	2896.0	2947.0	

