Testname: Douglas Scientific
Date: 7/16/2018	Time: 8:25:00 PM
ID1: 00890018002017.00320180110.959159
No. of Channels / Multichromatics: 3
No. of Cycles: 1
Configuration: Fluorescence (Triple Em.)



Chromatic / Channel:	FAM
Cycle:	1
	1	2	3	4	5	6	7	8	9	10	11	12	13	14	15	16	17	18	19	20	21	22	23	24
A	17444.0	23791.0	18297.0	19403.0	23315.0	23212.0	21274.0	21459.0	19531.0	18111.0	20004.0	18978.0	501.0	2784.0	16776.0	19475.0	17589.0	20274.0	20569.0	20285.0	21105.0	23862.0	23024.0	19959.0	
B	18485.0	23456.0	13771.0	15182.0	19247.0	563.0	19594.0	19904.0	18573.0	18573.0	21361.0	18348.0	2372.0	576.0	16568.0	16594.0	15223.0	18150.0	17667.0	18618.0	18067.0	20291.0	17464.0	15161.0	
C	521.0	834.0	1036.0	768.0	1945.0	2015.0	1542.0	1770.0	1716.0	1447.0	1886.0	1779.0	187.0	161.0	1561.0	1326.0	1120.0	976.0	1652.0	1281.0	1226.0	1295.0	1193.0	2185.0	
D	952.0	906.0	741.0	571.0	1895.0	1681.0	1799.0	1690.0	1832.0	2079.0	1791.0	1714.0	250.0	199.0	1160.0	1192.0	1125.0	988.0	1182.0	823.0	1327.0	1541.0	1500.0	1919.0	
E	2013.0	2413.0	2493.0	2279.0	8398.0	233.0	1131.0	9742.0	244.0	3112.0	3627.0	2025.0	3213.0	4895.0	7367.0	7326.0	3673.0	3957.0	3711.0	3530.0	4487.0	3195.0	2718.0	5679.0	
F	2777.0	1760.0	3365.0	607.0	5037.0	564.0	2206.0	4131.0	7136.0	3850.0	8756.0	5105.0	5918.0	547.0	6165.0	10729.0	4641.0	588.0	5053.0	609.0	5281.0	554.0	4305.0	593.0	
G	2538.0	2509.0	1624.0	2027.0	5007.0	5474.0	4588.0	6489.0	4692.0	3482.0	5013.0	6121.0	4291.0	4611.0	4882.0	3939.0	4777.0	3591.0	4282.0	3410.0	4708.0	4311.0	2871.0	3076.0	
H	3011.0	1546.0	1957.0	2307.0	6147.0	6631.0	6893.0	5118.0	6506.0	6174.0	5083.0	5467.0	6635.0	5640.0	6161.0	5262.0	5333.0	5036.0	4583.0	3271.0	3473.0	3472.0	3945.0	4740.0	
I	8243.0	5004.0	5840.0	5759.0	86.0	4148.0	3557.0	206.0	539.0	2172.0	221.0	246.0	17992.0	17232.0	15163.0	609.0	14310.0	15325.0	14023.0	14150.0	13077.0	15072.0	13629.0	14592.0	
J	6095.0	4768.0	6412.0	4754.0	1569.0	519.0	317.0	516.0	496.0	510.0	1450.0	190.0	15957.0	16340.0	594.0	575.0	15476.0	12752.0	15169.0	14670.0	12153.0	13331.0	12252.0	13324.0	
K	4782.0	4317.0	5455.0	5288.0	19801.0	19335.0	19213.0	18551.0	18113.0	19373.0	12600.0	12568.0	13368.0	14226.0	13854.0	15947.0	11909.0	11065.0	9228.0	10331.0	10294.0	11005.0	11457.0	9913.0	
L	4239.0	4036.0	9930.0	4824.0	20658.0	18286.0	19297.0	19350.0	20017.0	19214.0	13944.0	13852.0	14321.0	14364.0	13628.0	665.0	11344.0	682.0	10998.0	597.0	10596.0	642.0	11244.0	11236.0	
M	2713.0	2743.0	612.0	2605.0	3266.0	2274.0	3184.0	3461.0	8526.0	1944.0	7675.0	4310.0	8353.0	6616.0	7677.0	7009.0	6585.0	6243.0	6831.0	6685.0	10161.0	11574.0	631.0	12232.0	
N	2968.0	2807.0	3635.0	2678.0	2873.0	614.0	1128.0	574.0	8374.0	571.0	8177.0	525.0	583.0	642.0	6635.0	677.0	6955.0	5339.0	5889.0	6542.0	11441.0	10846.0	10066.0	12263.0	
O	390.0	393.0	423.0	396.0	442.0	394.0	410.0	442.0	609.0	556.0	551.0	522.0	589.0	554.0	704.0	643.0	682.0	615.0	966.0	647.0	636.0	10260.0	638.0	740.0	
P	408.0	656.0	422.0	407.0	392.0	405.0	401.0	541.0	606.0	614.0	600.0	607.0	641.0	635.0	746.0	711.0	726.0	674.0	695.0	677.0	745.0	702.0	8091.0	716.0	

Chromatic / Channel:	VIC
Cycle:	1
	1	2	3	4	5	6	7	8	9	10	11	12	13	14	15	16	17	18	19	20	21	22	23	24
A	2369.0	3230.0	2581.0	2582.0	5059.0	3440.0	4420.0	3255.0	3032.0	3797.0	3066.0	2982.0	1158.0	1330.0	2937.0	2902.0	3130.0	4624.0	3221.0	3173.0	3305.0	3667.0	3041.0	2590.0	
B	2475.0	3156.0	1850.0	2030.0	2887.0	1014.0	3022.0	2971.0	3992.0	5160.0	3540.0	2853.0	1076.0	1056.0	2433.0	2366.0	3071.0	4176.0	2845.0	2851.0	2748.0	3146.0	2384.0	2156.0	
C	11078.0	10343.0	10830.0	10293.0	10306.0	10172.0	10493.0	10414.0	10646.0	10019.0	10689.0	9998.0	5437.0	6373.0	10009.0	9713.0	10141.0	10180.0	10378.0	9818.0	10554.0	10048.0	9843.0	9135.0	
D	9971.0	10519.0	10865.0	10593.0	10649.0	10481.0	11149.0	10468.0	10488.0	10166.0	10233.0	10157.0	4425.0	7030.0	9931.0	9386.0	10258.0	10480.0	9861.0	9343.0	10331.0	10099.0	9666.0	9875.0	
E	10100.0	10371.0	10841.0	10351.0	1466.0	5343.0	1125.0	1484.0	4985.0	4369.0	2437.0	4659.0	6440.0	3665.0	10123.0	10158.0	10213.0	9793.0	10057.0	10036.0	10378.0	9715.0	8756.0	9448.0	
F	11060.0	10585.0	10984.0	1135.0	4893.0	1044.0	8212.0	1202.0	4971.0	3924.0	4757.0	6490.0	1957.0	980.0	10383.0	10749.0	10196.0	964.0	10457.0	953.0	10430.0	904.0	9791.0	835.0	
G	10757.0	10735.0	10469.0	10612.0	10635.0	10403.0	11005.0	10777.0	10663.0	10490.0	10094.0	10113.0	10169.0	10139.0	10143.0	10059.0	10288.0	9892.0	10500.0	9644.0	9702.0	9543.0	9456.0	8442.0	
H	11561.0	10002.0	11012.0	10426.0	10978.0	10889.0	11460.0	11272.0	11289.0	10693.0	10360.0	11160.0	10860.0	10811.0	10236.0	10167.0	10329.0	10116.0	10214.0	9908.0	9852.0	9628.0	9209.0	9227.0	
I	11354.0	10318.0	10859.0	10836.0	9686.0	3187.0	1262.0	4485.0	1162.0	6951.0	4617.0	4936.0	5456.0	8893.0	9949.0	949.0	9930.0	9117.0	10217.0	9770.0	9576.0	8918.0	8607.0	10236.0	
J	11222.0	9651.0	10596.0	10886.0	4390.0	962.0	4455.0	1000.0	1079.0	987.0	1068.0	4687.0	5270.0	5908.0	954.0	911.0	7855.0	9763.0	9192.0	8439.0	8738.0	9350.0	9138.0	9257.0	
K	10344.0	9955.0	10762.0	11108.0	4472.0	4012.0	4738.0	2462.0	4156.0	2614.0	10382.0	9623.0	9465.0	10871.0	10174.0	9813.0	10327.0	9768.0	10310.0	9910.0	10037.0	9927.0	9981.0	9653.0	
L	11509.0	10990.0	11738.0	11058.0	2709.0	4136.0	3473.0	2549.0	2703.0	2592.0	10425.0	10727.0	10410.0	11045.0	10058.0	973.0	10744.0	940.0	10602.0	980.0	10017.0	1004.0	9754.0	9895.0	
M	11583.0	10772.0	1108.0	11265.0	12165.0	11058.0	11436.0	10663.0	1471.0	5271.0	1340.0	6457.0	3747.0	4939.0	11225.0	10678.0	10336.0	10712.0	10518.0	10717.0	10526.0	11328.0	957.0	11197.0	
N	11856.0	11912.0	11570.0	11446.0	11886.0	1095.0	10956.0	1050.0	5132.0	1039.0	1340.0	956.0	987.0	1024.0	10717.0	999.0	10985.0	10611.0	10639.0	11276.0	11531.0	12000.0	11473.0	12050.0	
O	1781.0	1502.0	1563.0	1460.0	1513.0	1420.0	1496.0	1382.0	1182.0	1008.0	1000.0	975.0	1037.0	1034.0	1197.0	1041.0	1197.0	1259.0	1265.0	1020.0	1119.0	1455.0	1050.0	1246.0	
P	1546.0	1296.0	1591.0	1524.0	1510.0	1534.0	1576.0	1122.0	1216.0	1197.0	1171.0	1176.0	1124.0	1144.0	1079.0	1267.0	1347.0	1245.0	1122.0	1217.0	1247.0	1264.0	1597.0	1187.0	

Chromatic / Channel:	ROX
Cycle:	1
	1	2	3	4	5	6	7	8	9	10	11	12	13	14	15	16	17	18	19	20	21	22	23	24
A	3014.0	3858.0	3754.0	3374.0	3476.0	3273.0	3031.0	2962.0	2685.0	2558.0	2793.0	2748.0	2401.0	2753.0	2677.0	2935.0	2632.0	3088.0	3042.0	3014.0	3142.0	3556.0	3952.0	3204.0	
B	2923.0	3738.0	2561.0	2744.0	2656.0	2247.0	2687.0	2730.0	2648.0	2765.0	3106.0	2649.0	2167.0	2306.0	2435.0	2531.0	2297.0	2730.0	2551.0	2710.0	2666.0	2970.0	2700.0	3239.0	
C	2912.0	2759.0	2836.0	2699.0	2697.0	2643.0	2706.0	2681.0	2743.0	2589.0	2765.0	2613.0	2412.0	2439.0	2612.0	2529.0	2694.0	2684.0	2743.0	2607.0	2786.0	2657.0	2604.0	2508.0	
D	2508.0	2767.0	2838.0	2764.0	2761.0	2703.0	2845.0	2680.0	2713.0	2634.0	2637.0	2618.0	2370.0	2390.0	2566.0	2464.0	2682.0	2747.0	2588.0	2493.0	2726.0	2648.0	2538.0	2569.0	
E	2589.0	2723.0	2830.0	2742.0	2623.0	2490.0	2296.0	2468.0	2393.0	2434.0	2270.0	2347.0	2527.0	2372.0	2655.0	2656.0	2654.0	2592.0	2648.0	2656.0	2796.0	2562.0	2362.0	2489.0	
F	2869.0	2775.0	2894.0	2523.0	2596.0	2322.0	2650.0	2356.0	2557.0	2465.0	2526.0	2526.0	2372.0	2243.0	2699.0	2859.0	2685.0	2282.0	2772.0	2355.0	2796.0	2202.0	2586.0	1930.0	
G	2782.0	2823.0	2737.0	2797.0	2767.0	2707.0	2832.0	2769.0	2741.0	2703.0	2615.0	2601.0	2608.0	2614.0	2637.0	2632.0	2709.0	2606.0	2759.0	2535.0	2564.0	2537.0	2479.0	2236.0	
H	3008.0	2654.0	2914.0	2782.0	2889.0	2881.0	2983.0	2910.0	2952.0	2834.0	2685.0	2879.0	2835.0	2833.0	2701.0	2683.0	2730.0	2691.0	2717.0	2629.0	2620.0	2556.0	2449.0	2469.0	
I	3005.0	2772.0	2927.0	2911.0	2689.0	2484.0	2510.0	2451.0	2402.0	2616.0	2462.0	2445.0	2788.0	2956.0	2923.0	2261.0	2827.0	2866.0	2868.0	2788.0	2725.0	2757.0	2603.0	2850.0	
J	2955.0	2647.0	2874.0	2915.0	2479.0	2164.0	2519.0	2215.0	2237.0	2229.0	2197.0	2316.0	2550.0	2688.0	2213.0	2147.0	2692.0	2768.0	2805.0	2681.0	2466.0	2664.0	2565.0	2602.0	
K	2796.0	2605.0	2933.0	3027.0	2953.0	2857.0	2895.0	2661.0	2753.0	2788.0	2787.0	2659.0	2616.0	2952.0	2889.0	2934.0	2883.0	2705.0	2781.0	2714.0	2781.0	2797.0	2734.0	2612.0	
L	3014.0	3045.0	3295.0	2990.0	2944.0	2822.0	2868.0	2730.0	2865.0	2752.0	2906.0	2922.0	2928.0	3021.0	2934.0	2362.0	2969.0	2272.0	2950.0	2312.0	2846.0	2374.0	2800.0	2758.0	
M	3006.0	2868.0	2505.0	2966.0	3169.0	2876.0	2963.0	2785.0	2660.0	2718.0	2414.0	2534.0	2627.0	2720.0	2961.0	2838.0	2752.0	2838.0	2806.0	2846.0	2813.0	3023.0	2233.0	2946.0	
N	3134.0	3156.0	3120.0	3082.0	3122.0	2500.0	2868.0	2362.0	2755.0	2434.0	2369.0	2234.0	2358.0	2431.0	2847.0	2360.0	2937.0	2821.0	2858.0	3011.0	3122.0	3253.0	3093.0	3223.0	
O	2472.0	2134.0	2286.0	2125.0	2225.0	2056.0	2201.0	1991.0	2730.0	2300.0	2413.0	2218.0	2494.0	2468.0	2640.0	2415.0	2753.0	2496.0	2644.0	2525.0	2714.0	2782.0	2560.0	3029.0	
P	2151.0	2944.0	2314.0	2273.0	2191.0	2282.0	2372.0	2472.0	2873.0	2909.0	2873.0	2896.0	2744.0	2756.0	2672.0	2901.0	2894.0	2936.0	2818.0	2928.0	2979.0	3134.0	3034.0	2787.0	

