Testname: Douglas Scientific
Date: 7/16/2018	Time: 8:24:32 PM
ID1: 00890018002017.00320180110.959160
No. of Channels / Multichromatics: 3
No. of Cycles: 1
Configuration: Fluorescence (Triple Em.)



Chromatic / Channel:	FAM
Cycle:	1
	1	2	3	4	5	6	7	8	9	10	11	12	13	14	15	16	17	18	19	20	21	22	23	24
A	19180.0	26675.0	16438.0	15287.0	20131.0	20708.0	21700.0	18872.0	17671.0	19342.0	19479.0	18080.0	1385.0	478.0	15906.0	15565.0	16840.0	17558.0	17258.0	16752.0	17871.0	17975.0	19455.0	16946.0	
B	18136.0	20920.0	12910.0	13624.0	16878.0	515.0	16864.0	18231.0	16141.0	17448.0	16028.0	16927.0	440.0	487.0	15155.0	15374.0	15919.0	17085.0	16928.0	17497.0	17909.0	18662.0	14046.0	13348.0	
C	471.0	738.0	726.0	504.0	1446.0	1604.0	1349.0	1730.0	1505.0	1428.0	1809.0	1744.0	3695.0	997.0	1232.0	1344.0	1054.0	1617.0	1394.0	1157.0	1205.0	1157.0	1279.0	1630.0	
D	854.0	744.0	656.0	410.0	1989.0	1314.0	1389.0	1679.0	1473.0	1638.0	1663.0	1442.0	335.0	193.0	1851.0	1357.0	1176.0	985.0	1086.0	906.0	1470.0	1699.0	1354.0	1471.0	
E	2606.0	2056.0	2050.0	1541.0	3015.0	4141.0	479.0	501.0	2132.0	5055.0	7924.0	5637.0	5561.0	3223.0	6128.0	7124.0	2932.0	2944.0	5436.0	4890.0	2265.0	3788.0	4758.0	3382.0	
F	2323.0	1638.0	2439.0	522.0	2299.0	545.0	5510.0	5803.0	4397.0	570.0	514.0	3510.0	532.0	548.0	7801.0	6812.0	4360.0	538.0	4447.0	540.0	4242.0	517.0	3689.0	529.0	
G	3268.0	2143.0	2259.0	902.0	5029.0	5593.0	5328.0	4769.0	4506.0	3508.0	5146.0	4485.0	5736.0	5741.0	3355.0	5656.0	5407.0	3453.0	6450.0	3567.0	5620.0	3584.0	2851.0	3912.0	
H	2468.0	1297.0	1543.0	1147.0	3662.0	6131.0	5431.0	4032.0	3122.0	3610.0	4278.0	5206.0	4215.0	5960.0	3878.0	4735.0	2832.0	5828.0	3374.0	3556.0	3277.0	3543.0	4080.0	4551.0	
I	6221.0	5942.0	5037.0	4615.0	500.0	484.0	236.0	490.0	372.0	253.0	506.0	519.0	15266.0	15479.0	12097.0	749.0	14683.0	16033.0	14221.0	14982.0	15045.0	13305.0	13788.0	11414.0	
J	7161.0	5485.0	3981.0	4482.0	3927.0	487.0	3102.0	2684.0	2001.0	526.0	400.0	2375.0	14963.0	15528.0	539.0	525.0	15137.0	14702.0	14037.0	14495.0	13164.0	14302.0	13207.0	12992.0	
K	4783.0	4939.0	4787.0	3073.0	16678.0	15456.0	16250.0	15420.0	16102.0	18492.0	12267.0	12126.0	12418.0	11372.0	12974.0	13196.0	10658.0	12540.0	10550.0	7997.0	10678.0	9759.0	9159.0	10848.0	
L	4867.0	5437.0	4576.0	2892.0	16993.0	15557.0	16312.0	15951.0	17275.0	18018.0	13643.0	12970.0	12273.0	12654.0	15107.0	534.0	10413.0	591.0	9663.0	526.0	11160.0	565.0	10390.0	10956.0	
M	3076.0	3604.0	565.0	1748.0	2892.0	3226.0	3243.0	1914.0	4905.0	4853.0	3432.0	11160.0	3423.0	2626.0	6234.0	6274.0	6012.0	5965.0	7541.0	6246.0	9391.0	9653.0	546.0	10502.0	
N	2315.0	2823.0	4200.0	3072.0	2593.0	1779.0	3134.0	576.0	9102.0	564.0	3187.0	548.0	579.0	576.0	5830.0	591.0	6031.0	4824.0	8065.0	6688.0	10336.0	9439.0	9689.0	10007.0	
O	420.0	416.0	422.0	419.0	406.0	384.0	424.0	414.0	639.0	538.0	528.0	538.0	566.0	567.0	604.0	548.0	631.0	608.0	560.0	512.0	573.0	604.0	561.0	587.0	
P	398.0	655.0	418.0	421.0	432.0	406.0	411.0	565.0	665.0	630.0	630.0	640.0	650.0	630.0	606.0	617.0	647.0	612.0	644.0	1683.0	659.0	659.0	631.0	621.0	

Chromatic / Channel:	VIC
Cycle:	1
	1	2	3	4	5	6	7	8	9	10	11	12	13	14	15	16	17	18	19	20	21	22	23	24
A	2562.0	3610.0	2279.0	2052.0	3046.0	3003.0	3225.0	4706.0	2642.0	2892.0	2961.0	2717.0	1037.0	1001.0	2219.0	3145.0	3996.0	3823.0	2586.0	2539.0	2734.0	2783.0	2873.0	2225.0	
B	2398.0	2754.0	1762.0	1809.0	2533.0	975.0	2481.0	2766.0	2467.0	2564.0	3256.0	2487.0	903.0	980.0	2146.0	2144.0	3595.0	5726.0	2598.0	2601.0	2675.0	2881.0	3009.0	1832.0	
C	10862.0	9747.0	9405.0	8738.0	9488.0	9815.0	9522.0	10033.0	9087.0	9292.0	9254.0	9284.0	1107.0	4075.0	9282.0	9590.0	10021.0	10087.0	9818.0	9854.0	9958.0	9293.0	9481.0	9665.0	
D	10516.0	9318.0	9572.0	8603.0	9811.0	9312.0	9868.0	9919.0	9160.0	9281.0	9404.0	8852.0	3832.0	5585.0	9316.0	9043.0	9887.0	9927.0	10165.0	9361.0	9552.0	9130.0	9234.0	9141.0	
E	10285.0	9173.0	9379.0	8637.0	6668.0	1120.0	1067.0	1146.0	5907.0	1181.0	1324.0	3816.0	1170.0	1115.0	9390.0	9636.0	9563.0	9433.0	9628.0	9306.0	9775.0	8983.0	9224.0	8864.0	
F	10081.0	9641.0	8935.0	976.0	1210.0	1014.0	1278.0	1284.0	4156.0	1064.0	1046.0	4462.0	1091.0	996.0	9587.0	9672.0	9838.0	1066.0	9819.0	1025.0	9609.0	942.0	9374.0	927.0	
G	10564.0	9715.0	9175.0	9038.0	9519.0	9536.0	10005.0	10130.0	9824.0	9760.0	9664.0	9382.0	9622.0	9560.0	9486.0	9282.0	9525.0	10074.0	9791.0	9765.0	9625.0	9413.0	9253.0	9846.0	
H	10177.0	8791.0	8693.0	8443.0	8907.0	9844.0	9988.0	9674.0	9451.0	9884.0	9585.0	9914.0	9952.0	10059.0	9522.0	9449.0	9984.0	10055.0	10111.0	9637.0	9408.0	8667.0	9377.0	8935.0	
I	11205.0	10126.0	9144.0	9447.0	1024.0	1077.0	4572.0	1047.0	3760.0	6176.0	1087.0	1113.0	6862.0	6666.0	9135.0	1007.0	10294.0	9634.0	9905.0	9470.0	9746.0	9582.0	9030.0	8993.0	
J	10362.0	9452.0	8160.0	8986.0	3559.0	973.0	1125.0	1082.0	1051.0	949.0	4184.0	1113.0	7328.0	7516.0	1003.0	972.0	8606.0	9649.0	9461.0	9306.0	9405.0	8705.0	8818.0	8382.0	
K	9437.0	9363.0	7945.0	8195.0	2191.0	3550.0	4860.0	3589.0	3736.0	2425.0	9408.0	9623.0	8995.0	9757.0	8917.0	9586.0	9946.0	9922.0	10090.0	9534.0	9061.0	9100.0	9418.0	7418.0	
L	9559.0	9253.0	8899.0	8571.0	2149.0	4350.0	3443.0	4763.0	2182.0	2318.0	9224.0	9735.0	10124.0	10144.0	9203.0	1003.0	10072.0	1068.0	10389.0	987.0	9682.0	989.0	9123.0	8398.0	
M	11090.0	9854.0	952.0	9054.0	9491.0	9834.0	9559.0	9815.0	1225.0	4215.0	7010.0	1521.0	4931.0	1160.0	9935.0	10401.0	10638.0	10926.0	10527.0	9965.0	9423.0	9841.0	1028.0	10686.0	
N	11584.0	10514.0	10225.0	9099.0	9428.0	9698.0	10017.0	1031.0	5279.0	1030.0	6292.0	958.0	1003.0	1030.0	9957.0	1046.0	10633.0	10066.0	10371.0	10983.0	10048.0	11163.0	11562.0	10729.0	
O	1846.0	1491.0	1492.0	1344.0	1453.0	1310.0	1406.0	1353.0	1187.0	946.0	1017.0	969.0	1036.0	1040.0	1089.0	981.0	1159.0	1104.0	1068.0	1044.0	1106.0	1273.0	1146.0	1222.0	
P	1430.0	1229.0	1467.0	1455.0	1550.0	1447.0	1503.0	1080.0	1228.0	1197.0	1140.0	1164.0	1268.0	1198.0	1181.0	1193.0	1318.0	1213.0	1200.0	1291.0	1221.0	1279.0	1268.0	1127.0	

Chromatic / Channel:	ROX
Cycle:	1
	1	2	3	4	5	6	7	8	9	10	11	12	13	14	15	16	17	18	19	20	21	22	23	24
A	3404.0	4614.0	3400.0	3017.0	2970.0	2992.0	3190.0	2824.0	2539.0	2713.0	2749.0	2544.0	2114.0	2078.0	2270.0	2258.0	2434.0	2527.0	2380.0	2319.0	2505.0	2560.0	3249.0	2657.0	
B	3032.0	3560.0	2595.0	2516.0	2439.0	2205.0	2414.0	2604.0	2309.0	2488.0	2315.0	2350.0	1867.0	2044.0	2233.0	2444.0	2446.0	2678.0	2410.0	2449.0	2479.0	2652.0	2377.0	2727.0	
C	2946.0	2671.0	2597.0	2400.0	2563.0	2625.0	2560.0	2685.0	2434.0	2448.0	2433.0	2417.0	2089.0	2169.0	2480.0	2528.0	2653.0	2687.0	2612.0	2545.0	2537.0	2380.0	2409.0	2488.0	
D	2838.0	2549.0	2608.0	2375.0	2650.0	2497.0	2657.0	2644.0	2443.0	2453.0	2453.0	2282.0	2181.0	2136.0	2451.0	2401.0	2612.0	2611.0	2627.0	2421.0	2500.0	2378.0	2362.0	2318.0	
E	2780.0	2492.0	2557.0	2405.0	2484.0	2202.0	2151.0	2289.0	2287.0	2197.0	2218.0	2211.0	2111.0	2128.0	2502.0	2571.0	2538.0	2495.0	2548.0	2453.0	2541.0	2354.0	2402.0	2261.0	
F	2744.0	2626.0	2454.0	2200.0	2130.0	2276.0	2408.0	2384.0	2288.0	2224.0	2085.0	2317.0	2179.0	2142.0	2584.0	2582.0	2621.0	2285.0	2581.0	2156.0	2508.0	2065.0	2383.0	1966.0	
G	2844.0	2647.0	2525.0	2452.0	2584.0	2587.0	2670.0	2682.0	2568.0	2547.0	2528.0	2441.0	2557.0	2514.0	2503.0	2487.0	2551.0	2655.0	2606.0	2536.0	2509.0	2451.0	2348.0	2524.0	
H	2771.0	2443.0	2375.0	2338.0	2438.0	2686.0	2679.0	2603.0	2522.0	2600.0	2538.0	2595.0	2614.0	2654.0	2532.0	2515.0	2651.0	2693.0	2674.0	2512.0	2473.0	2303.0	2453.0	2339.0	
I	3071.0	2781.0	2573.0	2645.0	2137.0	2195.0	2281.0	2170.0	2339.0	2413.0	2107.0	2186.0	2644.0	2609.0	2497.0	2189.0	2903.0	2917.0	2828.0	2683.0	2803.0	2670.0	2588.0	2458.0	
J	2902.0	2668.0	2282.0	2532.0	2131.0	2159.0	2226.0	2218.0	2110.0	2091.0	2319.0	2165.0	2602.0	2718.0	2181.0	2123.0	2769.0	2905.0	2779.0	2715.0	2616.0	2639.0	2523.0	2359.0	
K	2568.0	2595.0	2319.0	2304.0	2434.0	2406.0	2607.0	2366.0	2429.0	2636.0	2611.0	2612.0	2546.0	2643.0	2634.0	2691.0	2754.0	2821.0	2763.0	2544.0	2578.0	2482.0	2504.0	2218.0	
L	2674.0	2725.0	2546.0	2457.0	2473.0	2527.0	2510.0	2569.0	2525.0	2569.0	2673.0	2678.0	2757.0	2795.0	2810.0	2202.0	2860.0	2351.0	2831.0	2135.0	2679.0	2137.0	2489.0	2368.0	
M	2963.0	2677.0	2145.0	2478.0	2583.0	2637.0	2567.0	2621.0	2305.0	2455.0	2427.0	2337.0	2370.0	2279.0	2654.0	2781.0	2845.0	2902.0	2811.0	2613.0	2437.0	2596.0	2206.0	2765.0	
N	3139.0	2855.0	2823.0	2611.0	2571.0	2685.0	2712.0	2312.0	2618.0	2278.0	2507.0	2124.0	2236.0	2307.0	2687.0	2311.0	2878.0	2690.0	2795.0	2925.0	2656.0	3000.0	3083.0	2794.0	
O	2535.0	2058.0	2079.0	1879.0	2049.0	1845.0	1984.0	1904.0	2647.0	2019.0	2235.0	2136.0	2321.0	2241.0	2379.0	2132.0	2481.0	2447.0	2339.0	2225.0	2407.0	2535.0	2518.0	2754.0	
P	1994.0	2821.0	2067.0	2075.0	2219.0	2070.0	2135.0	2509.0	2866.0	2755.0	2655.0	2670.0	2909.0	2770.0	2744.0	2783.0	3061.0	2827.0	2788.0	2809.0	2862.0	2981.0	2962.0	2556.0	

