Testname: Douglas Scientific
Date: 7/16/2018	Time: 8:24:04 PM
ID1: 00890018002017.00320180110.959161
No. of Channels / Multichromatics: 3
No. of Cycles: 1
Configuration: Fluorescence (Triple Em.)



Chromatic / Channel:	FAM
Cycle:	1
	1	2	3	4	5	6	7	8	9	10	11	12	13	14	15	16	17	18	19	20	21	22	23	24
A	18583.0	19592.0	14399.0	15414.0	20223.0	20943.0	21143.0	19128.0	17946.0	19366.0	21041.0	19558.0	503.0	452.0	18030.0	16311.0	17320.0	17874.0	19453.0	17623.0	20861.0	17497.0	23341.0	15310.0	
B	16920.0	15243.0	14084.0	14694.0	19032.0	542.0	18461.0	17330.0	16773.0	17515.0	17957.0	17404.0	4533.0	4346.0	15810.0	14789.0	15779.0	16203.0	16851.0	17218.0	18512.0	18791.0	15521.0	17422.0	
C	528.0	593.0	660.0	542.0	1664.0	1769.0	1799.0	1590.0	1719.0	1530.0	1730.0	1620.0	122.0	1356.0	1260.0	1356.0	1077.0	1301.0	1172.0	1143.0	1562.0	1695.0	1392.0	1659.0	
D	713.0	662.0	748.0	340.0	1773.0	2025.0	1507.0	1561.0	1495.0	1485.0	1685.0	1674.0	115.0	321.0	1199.0	1177.0	1084.0	1133.0	985.0	1119.0	1555.0	1513.0	1451.0	1799.0	
E	1975.0	2388.0	2078.0	2061.0	2207.0	4106.0	502.0	4203.0	2850.0	4406.0	2934.0	3532.0	2512.0	2962.0	9281.0	7488.0	4049.0	4379.0	4839.0	4691.0	5124.0	4173.0	3663.0	3877.0	
F	1872.0	2183.0	3167.0	573.0	3612.0	532.0	1948.0	8151.0	2875.0	4416.0	2452.0	6230.0	9031.0	530.0	6013.0	6785.0	3250.0	508.0	5741.0	529.0	4294.0	533.0	4868.0	722.0	
G	2664.0	1658.0	2460.0	1879.0	5042.0	4124.0	5075.0	4823.0	5882.0	4411.0	5749.0	5010.0	4532.0	4946.0	3649.0	3973.0	6478.0	5724.0	4732.0	4458.0	4620.0	3332.0	3067.0	4564.0	
H	1816.0	1823.0	1851.0	2760.0	7760.0	5724.0	6407.0	2999.0	4238.0	3370.0	4840.0	5784.0	5056.0	5498.0	5042.0	2711.0	5290.0	6320.0	3094.0	4612.0	4505.0	4232.0	3386.0	3608.0	
I	6617.0	5698.0	4015.0	5906.0	7057.0	57.0	520.0	268.0	4274.0	433.0	2908.0	365.0	16372.0	16553.0	15434.0	529.0	13648.0	14960.0	13386.0	14156.0	13591.0	13636.0	12753.0	13098.0	
J	5832.0	4163.0	3516.0	4078.0	372.0	521.0	222.0	521.0	261.0	538.0	515.0	506.0	16088.0	16347.0	528.0	510.0	13814.0	14465.0	15309.0	13919.0	13748.0	13262.0	12821.0	14058.0	
K	5125.0	6764.0	4707.0	4689.0	18071.0	18313.0	17173.0	17098.0	17087.0	18093.0	12445.0	11389.0	11207.0	12531.0	13672.0	12039.0	10869.0	10260.0	9243.0	10908.0	10960.0	8986.0	12240.0	9583.0	
L	3871.0	5666.0	5562.0	5149.0	18295.0	17626.0	19049.0	17915.0	17738.0	17861.0	11737.0	13172.0	14575.0	12177.0	12952.0	525.0	10844.0	592.0	12033.0	530.0	11226.0	541.0	10830.0	12914.0	
M	2569.0	3747.0	581.0	3632.0	2363.0	2090.0	2914.0	1358.0	3799.0	6515.0	4540.0	2387.0	6551.0	2955.0	8981.0	5592.0	5660.0	7480.0	6319.0	6173.0	9192.0	11784.0	548.0	8083.0	
N	3558.0	3032.0	4299.0	4408.0	2237.0	575.0	2037.0	542.0	5964.0	540.0	3034.0	541.0	4943.0	547.0	9073.0	603.0	5538.0	7334.0	7123.0	8721.0	11990.0	10615.0	10555.0	10717.0	
O	397.0	403.0	419.0	413.0	388.0	411.0	402.0	404.0	1238.0	563.0	560.0	539.0	589.0	547.0	578.0	554.0	583.0	636.0	569.0	605.0	603.0	3163.0	590.0	786.0	
P	368.0	618.0	426.0	413.0	422.0	414.0	422.0	646.0	607.0	632.0	605.0	602.0	584.0	619.0	599.0	663.0	650.0	685.0	635.0	702.0	666.0	728.0	660.0	663.0	

Chromatic / Channel:	VIC
Cycle:	1
	1	2	3	4	5	6	7	8	9	10	11	12	13	14	15	16	17	18	19	20	21	22	23	24
A	2517.0	2630.0	1981.0	2093.0	3092.0	3110.0	5774.0	2913.0	2757.0	3178.0	4117.0	4342.0	1151.0	999.0	2722.0	2475.0	5725.0	4041.0	3953.0	4730.0	3361.0	2795.0	3125.0	3583.0	
B	2255.0	2044.0	1851.0	1972.0	2884.0	990.0	2806.0	2765.0	2627.0	3647.0	3832.0	2697.0	1127.0	1112.0	2332.0	2111.0	5055.0	4734.0	2696.0	3529.0	2913.0	3003.0	2055.0	2213.0	
C	10714.0	9354.0	9777.0	10037.0	10512.0	10457.0	10180.0	9444.0	9105.0	9698.0	9895.0	9506.0	8578.0	5637.0	8982.0	9091.0	9284.0	9672.0	9365.0	9352.0	10755.0	9002.0	8792.0	8766.0	
D	10627.0	9654.0	10382.0	10366.0	10774.0	10231.0	10206.0	9285.0	9581.0	9773.0	10118.0	9951.0	6074.0	2702.0	9452.0	9106.0	9423.0	9894.0	9850.0	9496.0	10182.0	9140.0	9021.0	7897.0	
E	10554.0	9201.0	10046.0	9847.0	1144.0	3640.0	1046.0	1109.0	1064.0	5676.0	7641.0	1134.0	1082.0	4331.0	9514.0	9161.0	9109.0	9553.0	9350.0	8858.0	9275.0	9075.0	9316.0	7370.0	
F	10616.0	9416.0	10312.0	1091.0	4513.0	967.0	4295.0	4521.0	5780.0	5257.0	4446.0	4498.0	1423.0	902.0	9369.0	9250.0	9362.0	865.0	9086.0	901.0	9275.0	876.0	9207.0	777.0	
G	10477.0	10112.0	10001.0	10513.0	10742.0	10066.0	10365.0	9676.0	10036.0	10204.0	10089.0	9749.0	10073.0	9941.0	9599.0	9387.0	9229.0	9433.0	9310.0	9068.0	9352.0	9539.0	9128.0	8311.0	
H	10889.0	9928.0	9028.0	9942.0	10574.0	10108.0	10207.0	9781.0	10051.0	10013.0	9831.0	10460.0	9870.0	9702.0	9594.0	8853.0	9184.0	8877.0	8894.0	9015.0	8960.0	8643.0	8280.0	8045.0	
I	11152.0	9942.0	8526.0	10473.0	1310.0	8971.0	1101.0	4891.0	1202.0	3122.0	1121.0	4736.0	7178.0	8562.0	9746.0	949.0	9462.0	9060.0	8783.0	9461.0	8947.0	9610.0	9066.0	7656.0	
J	10638.0	9255.0	9475.0	9900.0	6993.0	936.0	5145.0	936.0	4436.0	928.0	1030.0	945.0	5560.0	6571.0	890.0	871.0	8921.0	8452.0	8634.0	8392.0	8427.0	8898.0	8298.0	8827.0	
K	9854.0	9190.0	9642.0	10049.0	2488.0	2502.0	2323.0	3669.0	4006.0	2438.0	9708.0	10000.0	9693.0	9803.0	8888.0	8981.0	9199.0	9258.0	8910.0	8598.0	8413.0	8740.0	7761.0	7921.0	
L	10414.0	9435.0	10502.0	10706.0	2369.0	3519.0	2506.0	3603.0	2346.0	3363.0	10429.0	10223.0	9959.0	9651.0	8895.0	870.0	9241.0	878.0	9276.0	869.0	8884.0	814.0	8361.0	8121.0	
M	10062.0	10128.0	1051.0	11021.0	11331.0	10375.0	10196.0	10209.0	5291.0	2333.0	1136.0	1069.0	1290.0	3205.0	9990.0	9950.0	10037.0	9888.0	9548.0	9821.0	9904.0	10480.0	933.0	9693.0	
N	11154.0	10460.0	10672.0	11000.0	10903.0	968.0	10333.0	978.0	4914.0	933.0	1080.0	915.0	4902.0	968.0	10400.0	942.0	10296.0	10591.0	10421.0	10898.0	10131.0	10926.0	10628.0	10944.0	
O	1745.0	1381.0	1502.0	1501.0	1381.0	1341.0	1298.0	1281.0	1098.0	937.0	847.0	974.0	999.0	1026.0	973.0	900.0	1025.0	1086.0	975.0	1028.0	1039.0	1198.0	1037.0	1214.0	
P	1277.0	1154.0	1564.0	1581.0	1552.0	1497.0	1455.0	1183.0	1099.0	1168.0	1132.0	1097.0	1079.0	1136.0	1035.0	1131.0	1116.0	1157.0	1077.0	1223.0	1152.0	1240.0	1145.0	1086.0	

Chromatic / Channel:	ROX
Cycle:	1
	1	2	3	4	5	6	7	8	9	10	11	12	13	14	15	16	17	18	19	20	21	22	23	24
A	3103.0	3175.0	2838.0	2904.0	2895.0	2971.0	3126.0	2760.0	2432.0	2712.0	3019.0	2840.0	2462.0	2086.0	2613.0	2250.0	2672.0	2579.0	2840.0	2604.0	2987.0	2490.0	3586.0	2442.0	
B	2811.0	2497.0	2439.0	2596.0	2661.0	2238.0	2568.0	2488.0	2381.0	2512.0	2567.0	2454.0	2167.0	2147.0	2322.0	2282.0	2469.0	2469.0	2358.0	2463.0	2514.0	2606.0	2425.0	2922.0	
C	2795.0	2446.0	2682.0	2653.0	2719.0	2704.0	2634.0	2465.0	2402.0	2492.0	2557.0	2464.0	2462.0	2248.0	2329.0	2343.0	2430.0	2499.0	2414.0	2403.0	2768.0	2276.0	2232.0	2258.0	
D	2748.0	2508.0	2728.0	2700.0	2780.0	2667.0	2625.0	2440.0	2453.0	2510.0	2600.0	2520.0	2376.0	2051.0	2396.0	2339.0	2428.0	2515.0	2509.0	2419.0	2585.0	2285.0	2254.0	2003.0	
E	2751.0	2421.0	2623.0	2617.0	2366.0	2380.0	2191.0	2154.0	2160.0	2407.0	2579.0	2196.0	2191.0	2144.0	2512.0	2399.0	2352.0	2458.0	2411.0	2315.0	2436.0	2360.0	2395.0	1850.0	
F	2756.0	2540.0	2728.0	2464.0	2521.0	2227.0	2370.0	2470.0	2323.0	2420.0	2425.0	2423.0	2381.0	2105.0	2446.0	2426.0	2436.0	1982.0	2370.0	2020.0	2422.0	1998.0	2376.0	1657.0	
G	2732.0	2627.0	2608.0	2754.0	2807.0	2619.0	2703.0	2528.0	2597.0	2618.0	2618.0	2529.0	2606.0	2562.0	2504.0	2445.0	2434.0	2455.0	2410.0	2354.0	2430.0	2471.0	2339.0	2091.0	
H	2856.0	2588.0	2398.0	2660.0	2797.0	2688.0	2710.0	2533.0	2604.0	2583.0	2568.0	2714.0	2603.0	2524.0	2506.0	2311.0	2408.0	2375.0	2332.0	2350.0	2358.0	2267.0	2166.0	2039.0	
I	2995.0	2721.0	2330.0	2886.0	2413.0	2667.0	2304.0	2401.0	2292.0	2327.0	2260.0	2433.0	2717.0	2811.0	2769.0	2102.0	2594.0	2636.0	2509.0	2597.0	2571.0	2663.0	2467.0	2266.0	
J	2812.0	2467.0	2899.0	2689.0	2561.0	2157.0	2411.0	2120.0	2368.0	2141.0	2159.0	2164.0	2570.0	2616.0	2028.0	1978.0	2587.0	2566.0	2584.0	2423.0	2473.0	2503.0	2395.0	2400.0	
K	2624.0	2535.0	2684.0	2739.0	2570.0	2620.0	2429.0	2520.0	2551.0	2533.0	2629.0	2662.0	2624.0	2623.0	2545.0	2448.0	2512.0	2522.0	2383.0	2399.0	2384.0	2339.0	2327.0	2089.0	
L	2737.0	2638.0	2816.0	2933.0	2646.0	2620.0	2710.0	2588.0	2536.0	2595.0	2797.0	2744.0	2787.0	2629.0	2544.0	2005.0	2574.0	2069.0	2597.0	1979.0	2498.0	1924.0	2338.0	2290.0	
M	2621.0	2663.0	2343.0	2910.0	2923.0	2696.0	2661.0	2647.0	2496.0	2403.0	2236.0	2233.0	2387.0	2374.0	2663.0	2601.0	2634.0	2607.0	2503.0	2561.0	2597.0	2759.0	2114.0	2442.0	
N	2958.0	2755.0	2878.0	2976.0	2860.0	2186.0	2728.0	2299.0	2532.0	2236.0	2245.0	2199.0	2508.0	2306.0	2814.0	2240.0	2727.0	2840.0	2769.0	2907.0	2690.0	2938.0	2837.0	2814.0	
O	2534.0	2010.0	2203.0	2222.0	2054.0	1992.0	1963.0	1908.0	2538.0	2146.0	2308.0	2329.0	2364.0	2477.0	2305.0	2081.0	2321.0	2551.0	2277.0	2438.0	2446.0	2661.0	2475.0	2849.0	
P	1862.0	2708.0	2370.0	2447.0	2356.0	2278.0	2225.0	2828.0	2694.0	2867.0	2750.0	2669.0	2623.0	2825.0	2565.0	2771.0	2669.0	2789.0	2577.0	2970.0	2703.0	3066.0	2836.0	2511.0	

