Testname: Douglas Scientific
Date: 7/16/2018	Time: 8:23:08 PM
ID1: 00890018002017.00320180110.959163
No. of Channels / Multichromatics: 3
No. of Cycles: 1
Configuration: Fluorescence (Triple Em.)



Chromatic / Channel:	FAM
Cycle:	1
	1	2	3	4	5	6	7	8	9	10	11	12	13	14	15	16	17	18	19	20	21	22	23	24
A	20906.0	16397.0	25515.0	22662.0	22273.0	20036.0	20823.0	18404.0	16593.0	15711.0	19047.0	17205.0	901.0	9435.0	20214.0	19464.0	17541.0	17276.0	19456.0	18531.0	20101.0	18491.0	22864.0	18640.0	
B	19559.0	28326.0	24437.0	18783.0	17213.0	949.0	17066.0	929.0	16297.0	16567.0	15351.0	16781.0	765.0	827.0	14817.0	16022.0	14301.0	17276.0	16896.0	18709.0	18542.0	18813.0	17684.0	21191.0	
C	10875.0	8061.0	9852.0	9025.0	10037.0	11898.0	10964.0	9178.0	10499.0	10050.0	10189.0	9415.0	5778.0	833.0	8550.0	7966.0	7799.0	7404.0	8253.0	9054.0	10503.0	10191.0	9387.0	11064.0	
D	9901.0	9752.0	10392.0	9586.0	11279.0	11021.0	11708.0	10001.0	11140.0	11059.0	10949.0	10562.0	1870.0	1012.0	9033.0	8313.0	8817.0	9159.0	9225.0	9786.0	11515.0	10668.0	10451.0	9831.0	
E	15959.0	14626.0	15732.0	14788.0	933.0	5282.0	1812.0	12442.0	7372.0	7395.0	902.0	11600.0	12210.0	10233.0	14732.0	14768.0	11904.0	11547.0	11403.0	12086.0	12761.0	11247.0	11998.0	13211.0	
F	17692.0	15239.0	15689.0	983.0	9853.0	954.0	11248.0	9286.0	12706.0	10227.0	13236.0	5232.0	14024.0	931.0	14365.0	15562.0	11270.0	936.0	10376.0	966.0	13544.0	949.0	12012.0	867.0	
G	16587.0	16901.0	15415.0	16426.0	11858.0	13656.0	15065.0	14593.0	12547.0	13855.0	12760.0	12794.0	13625.0	14649.0	11814.0	12432.0	12451.0	12628.0	11933.0	12387.0	13004.0	12605.0	13025.0	12995.0	
H	17506.0	16455.0	16293.0	15149.0	12737.0	13594.0	14091.0	14083.0	13708.0	13777.0	14680.0	13865.0	13673.0	14312.0	12113.0	12556.0	13758.0	13633.0	14642.0	14146.0	13362.0	13543.0	12166.0	13080.0	
I	19447.0	17586.0	16940.0	17302.0	1900.0	15752.0	917.0	4200.0	6660.0	10270.0	862.0	7320.0	17227.0	17828.0	16363.0	900.0	15932.0	16966.0	16077.0	16627.0	16528.0	17353.0	16752.0	16850.0	
J	19285.0	18000.0	17488.0	17036.0	10872.0	947.0	9564.0	952.0	2497.0	887.0	10047.0	944.0	16883.0	18406.0	983.0	899.0	17164.0	17512.0	17401.0	17943.0	18704.0	18274.0	16372.0	17383.0	
K	17703.0	16811.0	15895.0	16833.0	16698.0	17554.0	18101.0	16538.0	17225.0	16839.0	15666.0	16527.0	15585.0	17341.0	17431.0	16508.0	15900.0	15931.0	16186.0	16480.0	16318.0	16009.0	16230.0	15360.0	
L	17871.0	17470.0	16623.0	15803.0	16922.0	17370.0	17275.0	17483.0	17716.0	17121.0	16490.0	16691.0	16679.0	16989.0	16740.0	903.0	16181.0	911.0	16383.0	953.0	17341.0	845.0	15569.0	16711.0	
M	18053.0	18379.0	927.0	16315.0	11826.0	11735.0	12229.0	10959.0	8210.0	13393.0	15000.0	16223.0	15839.0	16595.0	14321.0	16080.0	16514.0	15742.0	14720.0	14701.0	15474.0	17088.0	920.0	15923.0	
N	19224.0	14026.0	16922.0	15198.0	10625.0	938.0	13388.0	906.0	13855.0	987.0	8379.0	893.0	969.0	912.0	14644.0	901.0	14455.0	14375.0	15054.0	14970.0	15787.0	15807.0	17536.0	18720.0	
O	1156.0	1056.0	1057.0	997.0	1039.0	977.0	981.0	956.0	971.0	915.0	935.0	899.0	886.0	961.0	998.0	929.0	936.0	968.0	1024.0	979.0	1004.0	1959.0	1294.0	1041.0	
P	1012.0	1161.0	1088.0	1093.0	1120.0	1186.0	1099.0	1156.0	1075.0	1131.0	1108.0	1061.0	1094.0	1174.0	1075.0	1172.0	1057.0	1122.0	961.0	1217.0	1106.0	1248.0	1029.0	1113.0	

Chromatic / Channel:	VIC
Cycle:	1
	1	2	3	4	5	6	7	8	9	10	11	12	13	14	15	16	17	18	19	20	21	22	23	24
A	4475.0	3528.0	4802.0	4746.0	4167.0	3690.0	3793.0	3443.0	3125.0	3255.0	3837.0	3740.0	589.0	1158.0	3813.0	3798.0	5911.0	5520.0	4146.0	3864.0	3931.0	3831.0	3152.0	2729.0	
B	3705.0	5586.0	4509.0	3398.0	3263.0	514.0	3498.0	532.0	3087.0	3248.0	3120.0	4007.0	478.0	537.0	2900.0	3533.0	3890.0	3529.0	3418.0	3991.0	3598.0	3350.0	2685.0	2779.0	
C	9246.0	6392.0	8666.0	8611.0	8736.0	9764.0	9690.0	7532.0	8990.0	9018.0	8657.0	8479.0	4680.0	529.0	8558.0	8385.0	8977.0	9144.0	8967.0	9305.0	9965.0	9402.0	8846.0	9282.0	
D	9127.0	10098.0	9326.0	8990.0	9512.0	9604.0	10029.0	9025.0	9939.0	9594.0	9089.0	9082.0	5593.0	1534.0	8770.0	8860.0	9142.0	9678.0	9498.0	10207.0	10842.0	9958.0	9931.0	8828.0	
E	9242.0	8476.0	8938.0	8653.0	536.0	5361.0	4972.0	4183.0	6528.0	6511.0	543.0	3297.0	4956.0	4206.0	9404.0	9357.0	8977.0	9036.0	8761.0	9560.0	10342.0	9469.0	9478.0	8798.0	
F	9638.0	9189.0	8898.0	500.0	1126.0	509.0	1240.0	4728.0	6472.0	1134.0	6388.0	4616.0	4969.0	503.0	9347.0	10154.0	9023.0	524.0	8651.0	549.0	9846.0	512.0	9456.0	458.0	
G	9576.0	9462.0	8635.0	9488.0	8542.0	9687.0	9679.0	9598.0	9149.0	9560.0	9365.0	8899.0	9374.0	10073.0	9514.0	9494.0	9049.0	9488.0	9654.0	9914.0	9977.0	9981.0	9745.0	9280.0	
H	10344.0	9394.0	9177.0	9396.0	9129.0	9933.0	9964.0	9562.0	9775.0	9487.0	9697.0	9708.0	9244.0	9469.0	9318.0	9371.0	9657.0	9462.0	10052.0	10215.0	9809.0	9638.0	9475.0	9323.0	
I	9369.0	8087.0	8560.0	7392.0	4521.0	1807.0	532.0	751.0	6320.0	1144.0	522.0	957.0	7462.0	5706.0	8055.0	519.0	8808.0	9547.0	8325.0	8225.0	7470.0	9330.0	9027.0	8349.0	
J	9811.0	8674.0	8631.0	8825.0	1161.0	508.0	1106.0	503.0	5429.0	489.0	1126.0	531.0	6646.0	6122.0	537.0	501.0	9029.0	9294.0	9134.0	9712.0	9985.0	10259.0	9204.0	9334.0	
K	8737.0	8703.0	7779.0	8742.0	2795.0	2965.0	3104.0	2757.0	2992.0	2840.0	8827.0	9380.0	8721.0	9777.0	8386.0	8952.0	9260.0	9187.0	9088.0	9234.0	9179.0	9412.0	8337.0	8686.0	
L	9099.0	9118.0	7643.0	8534.0	2708.0	2855.0	3443.0	2723.0	2852.0	3719.0	9385.0	9396.0	9304.0	9224.0	8516.0	500.0	8837.0	507.0	8986.0	523.0	9941.0	467.0	8355.0	8923.0	
M	10373.0	9177.0	483.0	9349.0	9941.0	10095.0	9962.0	9452.0	7142.0	1409.0	1637.0	1813.0	7577.0	3704.0	9667.0	10179.0	10135.0	10235.0	9734.0	10191.0	9835.0	10494.0	525.0	9843.0	
N	10325.0	7753.0	9089.0	8824.0	8904.0	501.0	10030.0	493.0	4208.0	538.0	7037.0	499.0	535.0	511.0	9199.0	508.0	9199.0	9672.0	9552.0	10168.0	10193.0	10461.0	10845.0	11606.0	
O	391.0	375.0	359.0	330.0	357.0	346.0	350.0	332.0	553.0	519.0	517.0	493.0	516.0	557.0	571.0	543.0	571.0	578.0	590.0	563.0	605.0	684.0	643.0	636.0	
P	341.0	641.0	361.0	379.0	391.0	659.0	405.0	663.0	628.0	662.0	680.0	626.0	648.0	685.0	659.0	680.0	629.0	673.0	589.0	723.0	650.0	726.0	634.0	669.0	

Chromatic / Channel:	ROX
Cycle:	1
	1	2	3	4	5	6	7	8	9	10	11	12	13	14	15	16	17	18	19	20	21	22	23	24
A	2854.0	2359.0	3624.0	3294.0	3188.0	2850.0	2935.0	2615.0	2207.0	2141.0	2702.0	2475.0	2190.0	2305.0	2888.0	2895.0	2707.0	2673.0	2870.0	2696.0	2935.0	2721.0	3251.0	2596.0	
B	2636.0	3964.0	3393.0	2604.0	2406.0	2101.0	2455.0	2118.0	2357.0	2393.0	2214.0	2419.0	1782.0	1993.0	2133.0	2310.0	2151.0	2503.0	2431.0	2646.0	2744.0	2670.0	2546.0	2923.0	
C	2508.0	1774.0	2424.0	2425.0	2446.0	2742.0	2695.0	2131.0	2517.0	2482.0	2399.0	2320.0	2181.0	1951.0	2332.0	2303.0	2450.0	2506.0	2479.0	2560.0	2667.0	2574.0	2420.0	2534.0	
D	2466.0	2737.0	2567.0	2502.0	2633.0	2648.0	2765.0	2495.0	2737.0	2631.0	2499.0	2469.0	2225.0	1998.0	2362.0	2403.0	2475.0	2648.0	2616.0	2770.0	2950.0	2694.0	2660.0	2379.0	
E	2527.0	2355.0	2505.0	2487.0	2081.0	2352.0	2291.0	2604.0	2322.0	2343.0	2033.0	2178.0	2296.0	2230.0	2607.0	2555.0	2480.0	2479.0	2438.0	2640.0	2866.0	2576.0	2558.0	2369.0	
F	2677.0	2574.0	2533.0	2062.0	2175.0	2102.0	2384.0	2364.0	2493.0	2259.0	2493.0	2170.0	2395.0	2020.0	2579.0	2749.0	2524.0	2072.0	2455.0	2210.0	2775.0	2088.0	2509.0	1797.0	
G	2629.0	2635.0	2455.0	2689.0	2420.0	2690.0	2701.0	2637.0	2584.0	2636.0	2549.0	2396.0	2550.0	2747.0	2607.0	2588.0	2534.0	2618.0	2650.0	2713.0	2743.0	2728.0	2635.0	2494.0	
H	2830.0	2622.0	2602.0	2656.0	2583.0	2779.0	2781.0	2699.0	2698.0	2615.0	2653.0	2594.0	2480.0	2540.0	2513.0	2534.0	2714.0	2648.0	2778.0	2847.0	2698.0	2666.0	2589.0	2520.0	
I	2870.0	2605.0	2558.0	2591.0	2168.0	2401.0	2091.0	2186.0	2395.0	2231.0	1955.0	2155.0	2624.0	2602.0	2535.0	2043.0	2601.0	2757.0	2582.0	2659.0	2592.0	2768.0	2644.0	2475.0	
J	2895.0	2659.0	2630.0	2637.0	2210.0	2072.0	2279.0	2079.0	2306.0	1980.0	2254.0	2080.0	2504.0	2629.0	2104.0	1938.0	2724.0	2785.0	2789.0	2897.0	3006.0	2991.0	2650.0	2634.0	
K	2597.0	2529.0	2422.0	2590.0	2327.0	2460.0	2495.0	2292.0	2386.0	2310.0	2525.0	2624.0	2496.0	2746.0	2653.0	2574.0	2638.0	2656.0	2633.0	2693.0	2686.0	2696.0	2514.0	2408.0	
L	2633.0	2623.0	2483.0	2500.0	2326.0	2403.0	2429.0	2414.0	2439.0	2412.0	2688.0	2648.0	2646.0	2679.0	2594.0	1998.0	2630.0	2039.0	2691.0	2121.0	2853.0	1843.0	2447.0	2572.0	
M	2854.0	2740.0	1902.0	2679.0	2753.0	2826.0	2775.0	2620.0	2605.0	2382.0	2358.0	2305.0	2732.0	2567.0	2650.0	2813.0	2811.0	2798.0	2682.0	2784.0	2648.0	2891.0	2041.0	2628.0	
N	2934.0	2154.0	2672.0	2494.0	2445.0	1961.0	2826.0	1967.0	2399.0	2181.0	2540.0	1942.0	2122.0	1975.0	2563.0	1926.0	2528.0	2665.0	2648.0	2769.0	2801.0	2891.0	3002.0	3187.0	
O	2053.0	1875.0	1853.0	1717.0	1836.0	1778.0	1811.0	1713.0	2201.0	2016.0	1992.0	1901.0	1987.0	2137.0	2205.0	2058.0	2196.0	2301.0	2359.0	2228.0	2448.0	2448.0	2452.0	2508.0	
P	1766.0	2600.0	1893.0	2004.0	2060.0	2741.0	2120.0	2739.0	2601.0	2775.0	2735.0	2510.0	2613.0	2826.0	2610.0	2800.0	2553.0	2778.0	2386.0	3019.0	2698.0	3021.0	2552.0	2652.0	

