Testname: Douglas Scientific
Date: 7/16/2018	Time: 8:22:40 PM
ID1: 00890018002017.00320180110.959164
No. of Channels / Multichromatics: 3
No. of Cycles: 1
Configuration: Fluorescence (Triple Em.)



Chromatic / Channel:	FAM
Cycle:	1
	1	2	3	4	5	6	7	8	9	10	11	12	13	14	15	16	17	18	19	20	21	22	23	24
A	22754.0	24931.0	24451.0	24690.0	23079.0	23858.0	23749.0	23838.0	21885.0	23528.0	24890.0	24538.0	957.0	1025.0	25512.0	25318.0	21553.0	22997.0	22409.0	22148.0	22390.0	21632.0	26461.0	21134.0	
B	22974.0	22593.0	22129.0	22333.0	21439.0	961.0	20817.0	948.0	21140.0	21226.0	19599.0	21373.0	810.0	7534.0	21187.0	21416.0	20539.0	22653.0	21511.0	22249.0	19622.0	21933.0	22028.0	23228.0	
C	9799.0	8609.0	8876.0	9450.0	10298.0	10952.0	10310.0	10715.0	9797.0	9739.0	9371.0	9938.0	1290.0	6295.0	9431.0	7707.0	8023.0	8182.0	8540.0	7421.0	9454.0	8305.0	8648.0	10030.0	
D	10240.0	8140.0	11093.0	9967.0	11849.0	10686.0	10989.0	10704.0	9943.0	10336.0	10647.0	10211.0	1510.0	1136.0	8498.0	8168.0	8296.0	7325.0	7922.0	7432.0	9252.0	9090.0	9246.0	8327.0	
E	19471.0	18577.0	19563.0	18082.0	16339.0	9525.0	12400.0	7330.0	15813.0	8250.0	13632.0	6203.0	929.0	17482.0	17828.0	17394.0	13994.0	14430.0	12378.0	10409.0	13272.0	13478.0	13421.0	12586.0	
F	18255.0	18125.0	19288.0	1003.0	20213.0	979.0	2168.0	10370.0	14195.0	1909.0	2285.0	13748.0	18390.0	984.0	17274.0	17203.0	14187.0	934.0	15096.0	922.0	11497.0	916.0	14685.0	905.0	
G	20024.0	18398.0	17168.0	19085.0	15151.0	15147.0	17395.0	16762.0	15308.0	16945.0	13386.0	13929.0	16154.0	16246.0	10815.0	16609.0	13680.0	13162.0	12550.0	10895.0	15173.0	14681.0	12325.0	13001.0	
H	20246.0	18350.0	18471.0	20331.0	15940.0	15000.0	16046.0	17637.0	15781.0	14591.0	15691.0	15608.0	15640.0	14218.0	14016.0	12078.0	14075.0	12063.0	11250.0	13579.0	12988.0	12058.0	14121.0	12825.0	
I	21271.0	21063.0	19633.0	20782.0	5220.0	2709.0	1701.0	1153.0	6306.0	1555.0	932.0	970.0	21091.0	21391.0	20446.0	923.0	20481.0	19811.0	20411.0	20202.0	19773.0	19946.0	20380.0	19610.0	
J	20764.0	20901.0	20529.0	21079.0	6336.0	978.0	913.0	978.0	930.0	896.0	887.0	916.0	21060.0	21400.0	938.0	921.0	20382.0	20266.0	20651.0	21619.0	21415.0	19969.0	20328.0	21168.0	
K	20697.0	20414.0	19438.0	21270.0	21077.0	21820.0	21725.0	21339.0	22402.0	22209.0	20915.0	21449.0	19256.0	19411.0	21830.0	19685.0	20658.0	19009.0	20383.0	19078.0	20137.0	19572.0	17404.0	17520.0	
L	20009.0	19800.0	19726.0	20694.0	20917.0	21294.0	21041.0	21930.0	21922.0	21653.0	20328.0	20594.0	20123.0	20198.0	19982.0	900.0	19186.0	911.0	20705.0	882.0	20660.0	912.0	19103.0	20788.0	
M	20651.0	20427.0	911.0	21451.0	12675.0	13219.0	10910.0	9635.0	15873.0	17628.0	15569.0	5150.0	13319.0	18531.0	17944.0	16446.0	17373.0	20854.0	17238.0	16777.0	19315.0	18229.0	909.0	19580.0	
N	20645.0	20632.0	20315.0	19855.0	11487.0	900.0	10626.0	976.0	8376.0	973.0	11372.0	919.0	966.0	948.0	18579.0	16899.0	16045.0	17726.0	17190.0	19008.0	19527.0	20225.0	19374.0	16240.0	
O	1079.0	949.0	995.0	934.0	982.0	897.0	920.0	954.0	1071.0	14722.0	962.0	936.0	950.0	957.0	1039.0	933.0	978.0	1007.0	1029.0	955.0	1034.0	970.0	951.0	997.0	
P	892.0	1059.0	983.0	1009.0	1069.0	1041.0	1088.0	1093.0	1102.0	1063.0	1025.0	996.0	1048.0	1067.0	1039.0	1059.0	1115.0	1096.0	1108.0	1061.0	1081.0	1137.0	1056.0	996.0	

Chromatic / Channel:	VIC
Cycle:	1
	1	2	3	4	5	6	7	8	9	10	11	12	13	14	15	16	17	18	19	20	21	22	23	24
A	4478.0	4540.0	4138.0	4109.0	4006.0	4217.0	4762.0	3919.0	3835.0	4008.0	4717.0	4338.0	729.0	765.0	6306.0	4017.0	6577.0	4633.0	5208.0	3623.0	3604.0	3354.0	3414.0	2666.0	
B	3900.0	4017.0	3932.0	3965.0	3790.0	614.0	3710.0	642.0	3801.0	3704.0	3363.0	3463.0	593.0	1104.0	3632.0	3411.0	4382.0	5281.0	3500.0	3487.0	2950.0	3408.0	2701.0	2709.0	
C	11567.0	10358.0	10517.0	11190.0	11063.0	11494.0	11147.0	11931.0	10657.0	11314.0	10196.0	11113.0	4770.0	8179.0	11440.0	11326.0	10925.0	11163.0	10708.0	10406.0	11011.0	10788.0	10875.0	10616.0	
D	11297.0	10583.0	11201.0	11869.0	11987.0	12044.0	11850.0	11840.0	11095.0	10815.0	11611.0	11363.0	5000.0	3349.0	11343.0	11517.0	11773.0	11180.0	11358.0	10727.0	11274.0	11314.0	11497.0	10520.0	
E	11711.0	10929.0	11452.0	11277.0	5029.0	4881.0	7461.0	5629.0	6360.0	1065.0	1529.0	3558.0	642.0	1790.0	11988.0	11999.0	11413.0	11600.0	10711.0	10732.0	11156.0	10438.0	11673.0	11257.0	
F	11422.0	11197.0	11187.0	607.0	4889.0	607.0	5432.0	6705.0	5297.0	5579.0	6885.0	1460.0	3252.0	616.0	11903.0	12169.0	11998.0	582.0	11183.0	596.0	11418.0	601.0	11574.0	574.0	
G	11797.0	11209.0	11139.0	12324.0	11312.0	11254.0	12181.0	11998.0	11818.0	12122.0	11304.0	11629.0	11556.0	12006.0	11385.0	12141.0	11840.0	11028.0	11140.0	11786.0	11244.0	11725.0	11641.0	12012.0	
H	12807.0	10955.0	11271.0	11926.0	11676.0	11665.0	12363.0	12554.0	11918.0	12214.0	11357.0	12219.0	11816.0	11723.0	11773.0	11740.0	11473.0	11272.0	11694.0	11341.0	11211.0	10938.0	11651.0	11298.0	
I	10821.0	10940.0	9047.0	10691.0	5671.0	8211.0	6714.0	1841.0	3644.0	6319.0	659.0	1018.0	6717.0	9171.0	10919.0	596.0	10439.0	9842.0	9449.0	9969.0	10166.0	10645.0	9510.0	9729.0	
J	12156.0	11011.0	10932.0	10905.0	945.0	586.0	611.0	603.0	620.0	571.0	621.0	588.0	8556.0	6475.0	597.0	593.0	8681.0	10710.0	10947.0	10448.0	10402.0	10962.0	10265.0	9402.0	
K	9180.0	10739.0	10409.0	11187.0	3531.0	3177.0	3249.0	4131.0	3899.0	3445.0	12088.0	11046.0	10670.0	10821.0	10977.0	10295.0	10792.0	10227.0	11942.0	10546.0	11556.0	10467.0	11285.0	9153.0	
L	10407.0	10631.0	10081.0	10130.0	2966.0	2967.0	3060.0	4197.0	2946.0	4073.0	11206.0	11160.0	11298.0	11351.0	10963.0	561.0	10287.0	561.0	11177.0	574.0	8955.0	597.0	9213.0	10121.0	
M	12121.0	11319.0	555.0	12307.0	11874.0	11461.0	11286.0	11488.0	4944.0	4641.0	5426.0	843.0	1491.0	6720.0	12157.0	12190.0	11599.0	13836.0	12067.0	11895.0	12180.0	12106.0	613.0	12945.0	
N	13387.0	12122.0	11847.0	11881.0	11628.0	565.0	12022.0	608.0	5247.0	609.0	3761.0	584.0	614.0	605.0	12325.0	12134.0	11586.0	12266.0	12310.0	12842.0	13169.0	13749.0	12939.0	13126.0	
O	462.0	405.0	406.0	369.0	400.0	357.0	395.0	396.0	663.0	1567.0	634.0	600.0	598.0	627.0	701.0	640.0	656.0	685.0	679.0	649.0	711.0	685.0	690.0	751.0	
P	376.0	704.0	411.0	413.0	436.0	645.0	501.0	705.0	745.0	686.0	704.0	667.0	700.0	713.0	705.0	721.0	756.0	757.0	753.0	736.0	747.0	802.0	780.0	715.0	

Chromatic / Channel:	ROX
Cycle:	1
	1	2	3	4	5	6	7	8	9	10	11	12	13	14	15	16	17	18	19	20	21	22	23	24
A	3341.0	3497.0	3420.0	3457.0	3348.0	3416.0	3435.0	3350.0	3092.0	3314.0	3566.0	3487.0	2947.0	3133.0	3809.0	3655.0	3339.0	3355.0	3316.0	3213.0	3158.0	3074.0	3797.0	2942.0	
B	3112.0	3075.0	3042.0	3107.0	3070.0	2622.0	2954.0	2616.0	2985.0	2964.0	2756.0	2957.0	2320.0	2741.0	3009.0	3018.0	3013.0	3265.0	3034.0	3090.0	2634.0	3103.0	3133.0	3269.0	
C	3100.0	2809.0	2889.0	3093.0	3097.0	3158.0	3082.0	3229.0	2944.0	3031.0	2807.0	2988.0	2657.0	2915.0	3129.0	3105.0	3047.0	3084.0	2966.0	2845.0	3020.0	2962.0	2966.0	2898.0	
D	3010.0	2848.0	3079.0	3233.0	3306.0	3261.0	3212.0	3201.0	3022.0	2922.0	3139.0	3031.0	2602.0	2611.0	3077.0	3133.0	3217.0	3044.0	3090.0	2901.0	3071.0	3075.0	3119.0	2841.0	
E	3206.0	3021.0	3211.0	3187.0	3086.0	2852.0	2954.0	2805.0	2987.0	2517.0	2697.0	2754.0	2538.0	2826.0	3302.0	3297.0	3160.0	3183.0	2947.0	2928.0	3050.0	2846.0	3179.0	3066.0	
F	3101.0	3087.0	3175.0	2668.0	3098.0	2635.0	2745.0	3025.0	2865.0	2757.0	2770.0	2770.0	2876.0	2575.0	3281.0	3345.0	3306.0	2506.0	3109.0	2522.0	3117.0	2535.0	3185.0	2436.0	
G	3215.0	3092.0	3123.0	3430.0	3163.0	3104.0	3343.0	3247.0	3231.0	3265.0	3069.0	3136.0	3153.0	3267.0	3103.0	3332.0	3241.0	3034.0	3055.0	3209.0	3131.0	3239.0	3182.0	3276.0	
H	3512.0	3053.0	3198.0	3385.0	3238.0	3239.0	3410.0	3453.0	3277.0	3303.0	3100.0	3304.0	3220.0	3199.0	3243.0	3213.0	3168.0	3113.0	3197.0	3117.0	3096.0	3013.0	3229.0	3110.0	
I	3329.0	3253.0	2975.0	3263.0	2783.0	2877.0	2851.0	2687.0	2792.0	2765.0	2604.0	2543.0	3069.0	3268.0	3272.0	2517.0	3235.0	3087.0	3133.0	3175.0	3163.0	3227.0	3233.0	3013.0	
J	3441.0	3279.0	3201.0	3298.0	2583.0	2548.0	2565.0	2633.0	2544.0	2460.0	2521.0	2527.0	3199.0	3103.0	2572.0	2522.0	3096.0	3255.0	3292.0	3392.0	3363.0	3380.0	3209.0	3177.0	
K	3031.0	3129.0	3069.0	3309.0	2921.0	3011.0	2966.0	2974.0	3069.0	3018.0	3379.0	3330.0	3085.0	3125.0	3365.0	3109.0	3280.0	3080.0	3432.0	3171.0	3406.0	3242.0	3175.0	2874.0	
L	3023.0	3048.0	3011.0	3205.0	2869.0	2918.0	2887.0	3058.0	2966.0	3018.0	3292.0	3267.0	3266.0	3304.0	3233.0	2399.0	3161.0	2440.0	3392.0	2401.0	3181.0	2508.0	3050.0	3210.0	
M	3420.0	3216.0	2271.0	3493.0	3213.0	3149.0	3092.0	3115.0	2982.0	3099.0	2888.0	2481.0	2711.0	3160.0	3344.0	3336.0	3217.0	3796.0	3321.0	3279.0	3375.0	3339.0	2545.0	3530.0	
N	3767.0	3435.0	3436.0	3409.0	3163.0	2354.0	3318.0	2640.0	2876.0	2639.0	2913.0	2490.0	2603.0	2606.0	3438.0	3370.0	3208.0	3455.0	3433.0	3574.0	3651.0	3855.0	3607.0	3622.0	
O	2623.0	2234.0	2276.0	2139.0	2270.0	2034.0	2218.0	2238.0	2816.0	2856.0	2701.0	2569.0	2600.0	2684.0	2956.0	2657.0	2724.0	2908.0	2888.0	2733.0	2953.0	2859.0	2865.0	3137.0	
P	2128.0	3033.0	2339.0	2403.0	2540.0	2847.0	2767.0	3135.0	3218.0	3007.0	3026.0	2926.0	3086.0	3122.0	3078.0	3132.0	3315.0	3301.0	3225.0	3164.0	3155.0	3430.0	3299.0	2953.0	

