Testname: Douglas Scientific
Date: 7/16/2018	Time: 8:23:36 PM
ID1: 00890018002017.00320180110.959162
No. of Channels / Multichromatics: 3
No. of Cycles: 1
Configuration: Fluorescence (Triple Em.)



Chromatic / Channel:	FAM
Cycle:	1
	1	2	3	4	5	6	7	8	9	10	11	12	13	14	15	16	17	18	19	20	21	22	23	24
A	19208.0	24314.0	24680.0	21160.0	20599.0	20086.0	20392.0	22094.0	28008.0	22008.0	22552.0	23279.0	941.0	13874.0	22136.0	20314.0	21091.0	19161.0	21326.0	19272.0	22119.0	21535.0	27010.0	19085.0	
B	17261.0	19879.0	18396.0	19024.0	20067.0	845.0	17164.0	799.0	19963.0	18159.0	18039.0	17289.0	9022.0	803.0	17600.0	16810.0	16134.0	17185.0	16398.0	16469.0	18046.0	18152.0	18073.0	23351.0	
C	9081.0	9193.0	11053.0	10533.0	11839.0	11196.0	10471.0	10359.0	13420.0	9937.0	10361.0	10345.0	765.0	9399.0	9225.0	9214.0	8083.0	8282.0	7997.0	8708.0	10550.0	10512.0	10355.0	11074.0	
D	9205.0	10207.0	10159.0	11795.0	11997.0	11064.0	11112.0	10739.0	10647.0	10834.0	10823.0	10862.0	803.0	783.0	8592.0	8342.0	8883.0	8369.0	9227.0	8345.0	9879.0	9635.0	10156.0	10301.0	
E	15970.0	14519.0	15946.0	16031.0	15539.0	9676.0	1757.0	10528.0	14180.0	12666.0	13469.0	13263.0	13577.0	10606.0	14390.0	14183.0	11183.0	11382.0	11982.0	12386.0	12206.0	11188.0	14051.0	12285.0	
F	15176.0	16356.0	17627.0	18181.0	17713.0	825.0	11375.0	14210.0	14034.0	12153.0	13301.0	13051.0	15831.0	811.0	15810.0	15118.0	11403.0	817.0	11158.0	12916.0	11877.0	827.0	14092.0	768.0	
G	16081.0	15921.0	17675.0	17948.0	15296.0	14416.0	14210.0	12968.0	13351.0	15096.0	14445.0	13639.0	14155.0	14860.0	14396.0	12990.0	12891.0	13545.0	12592.0	12384.0	12715.0	11506.0	13086.0	12130.0	
H	15380.0	16721.0	18322.0	16269.0	13976.0	14183.0	13532.0	14114.0	13173.0	14619.0	14543.0	12505.0	14138.0	14970.0	13594.0	13474.0	13002.0	14466.0	12831.0	12611.0	10785.0	12174.0	10674.0	12642.0	
I	16319.0	18376.0	17741.0	18085.0	14010.0	790.0	778.0	813.0	5502.0	1790.0	793.0	778.0	17688.0	18081.0	17679.0	698.0	16122.0	16762.0	15854.0	16596.0	17085.0	17125.0	16748.0	15139.0	
J	16984.0	17366.0	17934.0	18055.0	13196.0	815.0	10498.0	813.0	8890.0	837.0	798.0	815.0	18451.0	18341.0	830.0	888.0	16768.0	17110.0	16496.0	16137.0	18611.0	17372.0	16929.0	16863.0	
K	15792.0	16471.0	17607.0	18182.0	18911.0	18473.0	17543.0	17633.0	17725.0	18386.0	16801.0	16199.0	15351.0	16334.0	16197.0	16050.0	15326.0	15474.0	14607.0	14854.0	15099.0	16530.0	16705.0	14857.0	
L	17087.0	18052.0	18114.0	18708.0	19317.0	17732.0	17440.0	18335.0	18479.0	18521.0	17763.0	16237.0	15967.0	17218.0	15971.0	803.0	15027.0	656.0	15250.0	779.0	16016.0	848.0	17155.0	16374.0	
M	17272.0	17430.0	865.0	19016.0	11916.0	10305.0	12758.0	12407.0	18929.0	17708.0	14211.0	16166.0	5680.0	14144.0	14711.0	15483.0	12887.0	13743.0	14910.0	14728.0	15898.0	17408.0	895.0	17150.0	
N	16375.0	17245.0	17450.0	18453.0	13217.0	866.0	13114.0	872.0	16723.0	871.0	16860.0	812.0	830.0	808.0	14298.0	814.0	14358.0	11819.0	13500.0	15874.0	16508.0	18253.0	16704.0	19366.0	
O	886.0	825.0	892.0	893.0	897.0	849.0	870.0	850.0	916.0	848.0	847.0	829.0	865.0	856.0	926.0	818.0	852.0	792.0	902.0	921.0	954.0	994.0	894.0	1106.0	
P	790.0	890.0	909.0	949.0	977.0	994.0	957.0	1003.0	1010.0	1003.0	955.0	980.0	943.0	989.0	987.0	1029.0	953.0	1053.0	962.0	1084.0	1070.0	1131.0	1058.0	1027.0	

Chromatic / Channel:	VIC
Cycle:	1
	1	2	3	4	5	6	7	8	9	10	11	12	13	14	15	16	17	18	19	20	21	22	23	24
A	4192.0	5635.0	4689.0	4124.0	4155.0	3927.0	3967.0	4695.0	5418.0	4377.0	4171.0	4813.0	750.0	2196.0	4225.0	3927.0	6536.0	4947.0	5142.0	3978.0	5524.0	4816.0	4204.0	2764.0	
B	3395.0	5249.0	3513.0	3718.0	4120.0	556.0	3552.0	538.0	3761.0	3723.0	3545.0	3336.0	1104.0	575.0	3583.0	3933.0	4177.0	4136.0	3771.0	3180.0	3735.0	3556.0	2796.0	3191.0	
C	9231.0	8465.0	10469.0	9798.0	10153.0	10027.0	9715.0	9313.0	11400.0	9360.0	9661.0	9709.0	566.0	6707.0	9437.0	9264.0	9105.0	9211.0	8852.0	8992.0	10149.0	9396.0	9277.0	9523.0	
D	8871.0	9527.0	10165.0	10247.0	10542.0	10147.0	10083.0	9593.0	9700.0	10152.0	9612.0	9914.0	569.0	567.0	9505.0	9377.0	9400.0	10308.0	9110.0	8996.0	10012.0	9664.0	9367.0	8750.0	
E	9513.0	9132.0	9947.0	9409.0	5164.0	5334.0	4746.0	1157.0	2371.0	3547.0	1426.0	4939.0	4653.0	4804.0	9364.0	9478.0	9190.0	8556.0	8512.0	8813.0	9548.0	8643.0	8942.0	8364.0	
F	8940.0	9689.0	10529.0	10876.0	2775.0	533.0	5740.0	5125.0	4969.0	1379.0	5519.0	1421.0	1673.0	527.0	10047.0	9885.0	9594.0	521.0	9304.0	1405.0	9279.0	520.0	9304.0	429.0	
G	9917.0	9505.0	10431.0	10929.0	10396.0	10029.0	10421.0	10020.0	10011.0	10356.0	10320.0	10082.0	10018.0	10258.0	10335.0	9720.0	9134.0	9393.0	9908.0	9611.0	9512.0	9608.0	9390.0	8349.0	
H	9292.0	9950.0	10865.0	10055.0	9639.0	10303.0	10343.0	10078.0	9937.0	10348.0	10219.0	10115.0	9883.0	10332.0	9553.0	9479.0	9552.0	9636.0	9777.0	8987.0	9326.0	9142.0	8526.0	8387.0	
I	9468.0	10191.0	9260.0	10400.0	1514.0	552.0	556.0	572.0	877.0	5237.0	584.0	561.0	7227.0	6466.0	9759.0	437.0	8069.0	9113.0	8605.0	8624.0	8695.0	9124.0	8750.0	7816.0	
J	9598.0	8997.0	9507.0	9711.0	1485.0	510.0	1209.0	511.0	1151.0	533.0	554.0	528.0	5622.0	7673.0	537.0	554.0	9368.0	8677.0	8646.0	8902.0	10040.0	8989.0	7728.0	8613.0	
K	8571.0	8809.0	9526.0	10109.0	3314.0	3195.0	4699.0	3201.0	2873.0	3055.0	9790.0	9286.0	8605.0	9339.0	9142.0	8444.0	8247.0	9098.0	8512.0	8674.0	8904.0	9688.0	8565.0	7915.0	
L	9279.0	9252.0	9901.0	9636.0	4693.0	3563.0	3423.0	3527.0	3974.0	3670.0	10311.0	9530.0	9216.0	10039.0	8283.0	509.0	8437.0	401.0	8981.0	490.0	8858.0	523.0	8792.0	7946.0	
M	9827.0	9948.0	548.0	10809.0	11101.0	10068.0	10640.0	10352.0	2408.0	2081.0	3213.0	2548.0	4242.0	1493.0	10253.0	10333.0	8903.0	9403.0	10388.0	10018.0	9856.0	10624.0	558.0	10018.0	
N	9572.0	9866.0	10136.0	10493.0	10543.0	535.0	10349.0	536.0	6866.0	557.0	1837.0	512.0	537.0	526.0	9951.0	543.0	9145.0	8616.0	9496.0	10392.0	10236.0	11018.0	9936.0	11244.0	
O	371.0	337.0	403.0	386.0	385.0	349.0	378.0	347.0	612.0	553.0	547.0	526.0	573.0	563.0	610.0	555.0	586.0	511.0	572.0	613.0	623.0	651.0	579.0	739.0	
P	360.0	599.0	417.0	455.0	421.0	454.0	431.0	656.0	674.0	674.0	639.0	638.0	642.0	668.0	676.0	688.0	637.0	694.0	632.0	720.0	679.0	761.0	694.0	657.0	

Chromatic / Channel:	ROX
Cycle:	1
	1	2	3	4	5	6	7	8	9	10	11	12	13	14	15	16	17	18	19	20	21	22	23	24
A	2674.0	3573.0	3595.0	3076.0	3019.0	2828.0	2985.0	3250.0	4154.0	3198.0	3318.0	3478.0	2990.0	2807.0	3216.0	3041.0	3263.0	2887.0	3169.0	2861.0	3363.0	3198.0	3802.0	2603.0	
B	2356.0	2921.0	2517.0	2700.0	2841.0	2216.0	2506.0	2163.0	2792.0	2614.0	2568.0	2503.0	2170.0	2192.0	2518.0	2452.0	2422.0	2521.0	2396.0	2402.0	2672.0	2629.0	2557.0	3207.0	
C	2488.0	2302.0	2848.0	2681.0	2760.0	2737.0	2650.0	2542.0	3106.0	2543.0	2646.0	2639.0	2097.0	2424.0	2554.0	2523.0	2545.0	2555.0	2464.0	2510.0	2843.0	2646.0	2593.0	2661.0	
D	2332.0	2570.0	2751.0	2786.0	2848.0	2749.0	2729.0	2590.0	2609.0	2737.0	2621.0	2667.0	2120.0	2120.0	2567.0	2529.0	2564.0	2789.0	2524.0	2503.0	2763.0	2702.0	2569.0	2437.0	
E	2581.0	2498.0	2726.0	2641.0	2699.0	2546.0	2259.0	2123.0	2248.0	2416.0	2301.0	2473.0	2460.0	2356.0	2568.0	2560.0	2518.0	2369.0	2391.0	2462.0	2652.0	2414.0	2489.0	2295.0	
F	2411.0	2666.0	2891.0	3008.0	2636.0	2170.0	2483.0	2517.0	2496.0	2409.0	2546.0	2401.0	2430.0	2123.0	2729.0	2685.0	2635.0	2112.0	2575.0	2377.0	2607.0	2099.0	2569.0	1743.0	
G	2672.0	2589.0	2879.0	3002.0	2820.0	2729.0	2811.0	2679.0	2700.0	2807.0	2780.0	2699.0	2693.0	2781.0	2793.0	2627.0	2539.0	2614.0	2742.0	2654.0	2623.0	2663.0	2557.0	2295.0	
H	2508.0	2717.0	2995.0	2778.0	2676.0	2803.0	2820.0	2743.0	2703.0	2787.0	2775.0	2739.0	2705.0	2807.0	2615.0	2613.0	2640.0	2684.0	2690.0	2521.0	2588.0	2544.0	2348.0	2314.0	
I	2678.0	2840.0	2781.0	2923.0	2466.0	2138.0	2132.0	2197.0	2302.0	2450.0	2212.0	2123.0	2669.0	2697.0	2831.0	1754.0	2580.0	2727.0	2585.0	2635.0	2717.0	2744.0	2571.0	2269.0	
J	2639.0	2637.0	2756.0	2869.0	2486.0	2121.0	2302.0	2108.0	2381.0	2181.0	2160.0	2170.0	2669.0	2778.0	2181.0	2285.0	2721.0	2736.0	2628.0	2645.0	3026.0	2852.0	2554.0	2530.0	
K	2399.0	2514.0	2728.0	2882.0	2602.0	2562.0	2529.0	2460.0	2426.0	2540.0	2703.0	2615.0	2445.0	2630.0	2608.0	2553.0	2507.0	2612.0	2449.0	2482.0	2564.0	2746.0	2572.0	2277.0	
L	2612.0	2687.0	2794.0	2892.0	2713.0	2481.0	2414.0	2535.0	2597.0	2592.0	2921.0	2672.0	2612.0	2801.0	2524.0	2059.0	2484.0	1623.0	2575.0	1984.0	2592.0	2109.0	2652.0	2421.0	
M	2685.0	2723.0	2182.0	2996.0	2976.0	2710.0	2871.0	2791.0	2637.0	2647.0	2502.0	2519.0	2367.0	2439.0	2786.0	2809.0	2474.0	2646.0	2855.0	3071.0	2736.0	2945.0	2243.0	2739.0	
N	2638.0	2718.0	2815.0	2946.0	2865.0	2206.0	2839.0	2216.0	2773.0	2302.0	2474.0	2103.0	2174.0	2141.0	2731.0	2163.0	2580.0	2497.0	2650.0	2897.0	2859.0	3119.0	2798.0	3101.0	
O	1981.0	1755.0	2044.0	1982.0	1990.0	1834.0	1951.0	1833.0	2526.0	2253.0	2253.0	2173.0	2321.0	2324.0	2468.0	2219.0	2356.0	2097.0	2369.0	2521.0	2535.0	2659.0	2345.0	2978.0	
P	1836.0	2476.0	2196.0	2352.0	2259.0	2354.0	2257.0	2790.0	2856.0	2864.0	2679.0	2685.0	2686.0	2817.0	2847.0	2886.0	2653.0	2897.0	2637.0	3060.0	2880.0	3157.0	2904.0	2597.0	

